id is_default grayscale brightness contrast saturation sharpness blur is_face one_face multiple_faces face_ratio pitch roll yaw no_glass reading_glass sunglasses smiling
1 0 1 0.194149 0.029597 0 -0.00233637 0.0581449 0 0 0 -1 -1 -1 -1 0 0 0 -1
2 0 0 101.696 6977.41 0.482536 0.040785 24.0654 0 0 0 -1 -1 -1 -1 0 0 0 -1
3 0 0 134.775 11166.4 0.163515 0.0266506 33.1451 0 0 0 -1 -1 -1 -1 0 0 0 -1
4 0 0 107.162 6489.54 0.313436 0.098897 32.6933 0 0 0 -1 -1 -1 -1 0 0 0 -1
5 1 1 0 0 0 0 0 0 0 0 -1 -1 -1 -1 0 0 0 -1
6 0 0 40.1771 1443.21 0.0359189 0.258202 9.9155 0 0 0 -1 -1 -1 -1 0 0 0 -1
7 1 0 0.195921 0.0334394 0 6.1e-16 0.0543266 0 0 0 -1 -1 -1 -1 0 0 0 -1
8 0 0 97.5771 6221.9 0.202814 0.0591314 25.3104 1 1 0 0.102285 -0.00006 -47.9157 -37.3765 1 0 0 16.119
9 0 0 142.944 15776.6 0.388909 0.027793 23.1144 1 1 0 0.0392973 -0.000004 -29.2631 -3.62566 1 0 0 4.4316
10 0 0 95.4496 6708.01 0.318662 0.0804015 29.6381 0 0 0 -1 -1 -1 -1 0 0 0 -1
11 0 0 139.685 13540.7 0.549571 0.0313312 31.488 0 0 0 -1 -1 -1 -1 0 0 0 -1
12 -1 -1 174.981 20456.1 0.150094 0.0229857 38.7124 -1 -1 -1 -1 -1 -1 -1 -1 -1 -1 -1
13 -1 -1 83.9886 4404.66 0.379167 0.0154842 24.8508 -1 -1 -1 -1 -1 -1 -1 -1 -1 -1 -1
14 0 0 145.447 11878.8 0.362362 0.0717084 45.4603 0 0 0 -1 -1 -1 -1 0 0 0 -1
15 0 0 72.7961 3874.86 0.30574 0.0335548 29.8605 1 1 0 0.136533 -0.129119 -7.32313 -16.1293 0 1 0 94.4804
16 0 0 160.253 17068.5 0.301336 0.0297149 33.0974 1 1 0 0.142304 0.000016 12.6888 22.7609 1 0 0 56.9891
17 0 0 69.9737 3060.73 0.657727 0.0425112 25.8576 1 1 0 0.225953 -0.000006 -14.8477 -22.5227 0 1 0 91.4788
18 0 0 114.112 8637.97 0.412529 0.0279986 28.5889 0 0 0 -1 -1 -1 -1 0 0 0 -1
19 0 0 95.4017 5402.67 0.420794 0.037471 26.9788 1 1 0 0.305947 -0.000006 -15.8325 -22.3019 1 0 0 43.9468
20 0 0 121.129 9448.63 0.37512 0.0925751 31.7438 1 1 0 0.0495758 0.047585 -7.55741 0.126891 1 0 0 98.71
21 0 0 87.5899 5853.61 0.355207 0.0262445 15.6466 0 0 0 -1 -1 -1 -1 0 0 0 -1
22 0 0 138.75 12093.9 0.381511 0.0510538 36.3398 0 0 0 -1 -1 -1 -1 0 0 0 -1
23 0 0 156.92 12635.1 0.176878 0.0410656 53.5272 0 0 0 -1 -1 -1 -1 0 0 0 -1
24 0 0 115.24 7714.89 0.576544 0.0387331 31.1598 1 1 0 0.208878 29.1168 -6.58307 -0.021917 1 0 0 54.7944
25 0 0 150.854 14502.3 0.189132 0.0846597 37.8654 0 0 0 -1 -1 -1 -1 0 0 0 -1
26 0 0 70.0368 2754.99 0.315719 0.0247315 27.0738 1 0 1 0.29694 -12.5524 -2.79847 -13.4823 1 0 0 10.4917
27 1 0 0.173696 0.0260978 0 3.6e-16 0.0473395 0 0 0 -1 -1 -1 -1 0 0 0 -1
28 0 0 150.806 12750.9 0.243241 0.088487 43.5329 1 1 0 0.0366364 0.000207 44.5627 -0.316022 1 0 0 96.9104
29 0 1 136.216 11840.5 0 0.0452004 33.464 1 1 0 0.361877 -0.007735 -3.9359 -7.62306 0 1 0 22.0297
30 0 0 83.3321 5374.12 0.189011 0.0110599 16.2846 1 1 0 0.225625 -0.001152 -0.647519 -0.048671 1 0 0 62.8983
31 0 0 121.453 7867.09 0.294888 0.0918258 41.0951 1 1 0 0.16188 -0.008396 -8.41837 -3.38729 1 0 0 84.4677
32 1 0 163.757 20351.6 0.0373262 0.0310058 25.3823 1 1 0 0.0126675 0.041462 -27.7534 23.6811 1 0 0 5.11421
33 0 0 163.191 17774.5 0.182924 0.0156024 33.8603 1 1 0 0.0576 0.000019 26.2229 -6.40553 1 0 0 51.9924
34 0 0 146.205 13177 0.178896 0.021427 36.2109 1 1 0 0.255894 0.251721 1.22788 0.061409 0 1 0 76.7368
35 0 0 124.424 9156.95 0.490426 0.0368757 35.1811 1 1 0 0.00707733 0.000021 6.03405 22.5379 0 1 0 54.9361
36 0 0 142.301 11029.8 0.31736 0.0644057 47.5174 0 0 0 -1 -1 -1 -1 0 0 0 -1
37 0 0 115.226 8612.92 0.409853 0.0309187 27.236 0 0 0 -1 -1 -1 -1 0 0 0 -1
38 0 0 87.9689 5867.09 0.517439 0.0557299 35.4642 0 0 0 -1 -1 -1 -1 0 0 0 -1
39 0 0 229.213 39504.2 0.104563 0.0172721 35.5096 0 0 0 -1 -1 -1 -1 0 0 0 -1
40 0 0 145.343 15219.9 0.173439 0.0146779 25.5654 1 1 0 0.124256 -0.000269 -12.656 -2.57729 1 0 0 97.9679
41 1 0 0.173696 0.0260978 0 3.6e-16 0.0473395 0 0 0 -1 -1 -1 -1 0 0 0 -1
42 0 0 126.944 8705.36 0.127917 0.0223044 45.4017 1 1 0 0.134827 -0.415644 -0.91067 1.80619 0 1 0 30.89
43 0 0 53.7954 2570.76 0.386346 0.24404 13.2691 0 0 0 -1 -1 -1 -1 0 0 0 -1
44 1 0 0.195921 0.0334394 0 6.1e-16 0.0543266 0 0 0 -1 -1 -1 -1 0 0 0 -1
45 0 0 69.1254 3527.91 0.471045 0.0726769 25.8834 0 0 0 -1 -1 -1 -1 0 0 0 -1
46 0 0 90.0104 5887 0.246038 0.0604847 30.0002 0 0 0 -1 -1 -1 -1 0 0 0 -1
47 0 0 44.6953 2670.16 0.340732 0.119813 24.6593 0 0 0 -1 -1 -1 -1 0 0 0 -1
48 0 0 110.419 8277.39 0.176128 0.0462318 23.39 1 1 0 0.0241391 -0.000003 -10.6865 -0.76029 1 0 0 31.7532
49 0 0 154.311 14553.4 0.523297 0.0205567 39.1941 0 0 0 -1 -1 -1 -1 0 0 0 -1
50 0 0 78.6894 3481.83 0.277382 0.0214403 31.2517 1 0 1 0.120865 -0.000005 -3.0247 0.000035 1 0 0 83.9283
51 0 0 128.753 9198.96 0.354901 0.0601863 40.7229 0 0 0 -1 -1 -1 -1 0 0 0 -1
52 0 0 128.251 10458 0.472189 0.0231586 33.0245 1 1 0 0.200704 -0.000729 -0.034912 -0.151217 1 0 0 20.8018
53 0 0 165.599 16444 0.288078 0.151996 44.3897 0 0 0 -1 -1 -1 -1 0 0 0 -1
54 0 -1 -1 -1 -1 -1 -1 -1 -1 -1 -1 -1 -1 -1 -1 -1 -1 -1
55 0 0 69.7991 3420.53 0.558605 0.0145965 15.6184 1 1 0 0.173611 -0.000003 2.92811 0.002807 1 0 0 97.5715
56 1 0 0.195921 0.0334394 0 6.1e-16 0.0543266 0 0 0 -1 -1 -1 -1 0 0 0 -1
57 0 0 15.2292 635.04 0.107021 0.0544664 6.76331 0 0 0 -1 -1 -1 -1 0 0 0 -1
58 0 1 111.78 8781.95 0 0.0209536 26.3274 0 0 0 -1 -1 -1 -1 0 0 0 -1
59 0 0 134.111 10334.1 0.148429 0.0162586 46.6963 0 0 0 -1 -1 -1 -1 0 0 0 -1
60 0 0 83.7349 4428.6 0.00359405 0.0356467 27.9754 1 1 0 0.253922 0.000005 -11.8697 -0.225845 1 0 0 92.033
61 0 0 130.425 10085.8 0.366395 0.0486821 38.8539 1 1 0 0.107666 0.000283 0.909109 0.132799 0 1 0 94.7237
62 0 0 107.455 6096.33 0.325632 0.023665 36.7055 0 0 0 -1 -1 -1 -1 0 0 0 -1
63 0 0 66.8141 3191.35 0.278001 0.0251993 20.104 0 0 0 -1 -1 -1 -1 0 0 0 -1
64 0 0 100.449 8352.25 0.220573 0.0379319 11.5723 0 0 0 -1 -1 -1 -1 0 0 0 -1
65 1 0 0.229356 0.0455335 0 2.68e-16 0.0583027 0 0 0 -1 -1 -1 -1 0 0 0 -1
66 0 0 101.712 7532.67 0.160701 0.0233829 21.3348 1 1 0 0.0162563 -0.001779 -6.49678 -0.166613 1 0 0 45.837
67 -1 -1 76.409 3803.39 0.321978 0.0230964 33.3418 -1 -1 -1 -1 -1 -1 -1 -1 -1 -1 -1
68 0 0 133.858 11109.3 0.262619 0.0312322 40.7092 0 0 0 -1 -1 -1 -1 0 0 0 -1
69 0 0 49.2604 1963.8 0.385261 0.144372 17.9051 0 0 0 -1 -1 -1 -1 0 0 0 -1
70 0 0 17.8164 352.982 0.0201089 0.170458 3.53433 0 0 0 -1 -1 -1 -1 0 0 0 -1
71 0 0 135.519 11924.7 0.222809 0.0166624 33.5666 1 1 0 0.127806 0.000019 -19.1944 -36.8218 1 0 0 10.2003
72 0 0 111.12 7041.69 0.661849 0.0291455 33.9577 1 1 0 0.125025 0.000016 -0.625666 -1.04801 1 0 0 92.4905
73 0 0 80.5293 4550.8 0.53928 0.0783762 30.0829 1 1 0 0.198303 -3.11501 6.14275 0.002095 0 0 1 4.69511
74 0 0 61.2243 3418.28 0.440264 0.0450676 22.3227 0 0 0 -1 -1 -1 -1 0 0 0 -1
75 0 0 49.5848 2636.15 0.337042 0.0778206 19.7735 0 0 0 -1 -1 -1 -1 0 0 0 -1
76 0 0 123.618 9767.22 0.452207 0.114172 31.4294 1 1 0 0.0673542 0.023941 5.06134 17.1264 0 0 1 30.1722
77 0 0 83.596 4742.21 0.463246 0.0325549 24.057 1 1 0 0.2025 0.000019 -10.7585 7.35046 1 0 0 88.0827
78 0 0 88.5286 5891.92 0.342055 0.013396 14.4782 0 0 0 -1 -1 -1 -1 0 0 0 -1
79 0 0 99.1423 6034.92 0.295505 0.0271144 27.5902 1 0 1 0.100042 0.00002 -25.7722 -28.0423 1 0 0 85.4234
80 1 0 0.229356 0.0455335 0 2.68e-16 0.0583027 0 0 0 -1 -1 -1 -1 0 0 0 -1
81 0 0 101.641 5589.94 0.398309 0.105073 34.9241 1 1 0 0.0495758 0.081193 8.96143 0.929614 1 0 0 5.26339
82 0 0 192.224 26035.4 0.256312 0.0211888 34.1492 0 0 0 -1 -1 -1 -1 0 0 0 -1
83 0 0 76.0174 3844.52 0.507694 0.0285162 20.5873 1 1 0 0.115883 0.000019 22.3014 38.1692 1 0 0 22.7406
84 1 0 0.203092 0.035611 0 1.02e-17 0.0522253 0 0 0 -1 -1 -1 -1 0 0 0 -1
85 0 0 207.001 14146.2 0.605768 0.00770456 98.1261 0 0 0 -1 -1 -1 -1 0 0 0 -1
86 0 0 69.4575 3485.88 0.377049 0.0129094 15.3496 1 1 0 0.125434 0.050553 1.73948 -0.005367 1 0 0 0.915305
87 0 1 93.1902 5857.5 0 0.0916519 30.3116 1 1 0 0.149551 -0.000125 -13.1493 -1.34349 0 1 0 51.0783
88 0 0 120.742 9470.2 0.319176 0.0641965 29.1066 0 0 0 -1 -1 -1 -1 0 0 0 -1
89 0 0 123.079 8780.53 0.288634 0.0257448 38.4126 1 1 0 0.127806 0.012791 2.34757 -0.222589 1 0 0 87.4934
90 0 0 187.336 27450.2 0.185532 0.0784156 24.8942 0 0 0 -1 -1 -1 -1 0 0 0 -1
91 0 0 97.0277 7208.41 0.412771 0.0137754 16.3733 0 0 0 -1 -1 -1 -1 0 0 0 -1
92 0 0 118.26 10816.1 0.316766 0.0139917 16.7076 0 0 0 -1 -1 -1 -1 0 0 0 -1
93 0 0 173.974 24014.6 0.198601 0.0178595 20.5666 0 0 0 -1 -1 -1 -1 0 0 0 -1
94 0 0 165.353 21073.2 0.372398 0.014551 22.3613 1 1 0 0.075625 -0.003084 -5.55527 -0.981542 1 0 0 79.3563
95 0 1 0.367882 0.0861993 0 -0.0166655 0.0839602 1 1 0 0.322066 0.000005 -31.2411 -4.2393 1 0 0 73.3024
96 0 0 110.288 7367.38 0.18124 0.0116188 31.5894 1 1 0 0.1587 0.006932 11.2498 22.9294 1 0 0 9.97609
97 0 0 69.374 3350.11 0.249835 0.0392049 24.6921 1 1 0 0.159053 -0.000479 -4.1778 -0.143721 1 0 0 98.4294
98 0 0 79.9284 4529.7 0.399945 0.0405451 16.1202 0 0 0 -1 -1 -1 -1 0 0 0 -1
99 0 0 52.455 1946.41 0.259783 0.0609226 17.8532 0 0 0 -1 -1 -1 -1 0 0 0 -1
100 1 0 0.229361 0.0455264 0 2.69e-16 0.0582633 0 0 0 -1 -1 -1 -1 0 0 0 -1
101 0 0 122.312 10091.9 0.659568 0.0262084 24.4729 0 0 0 -1 -1 -1 -1 0 0 0 -1
102 0 0 135.494 12088.3 0.284343 0.023663 32.1181 0 0 0 -1 -1 -1 -1 0 0 0 -1
103 0 0 159.018 18067.8 0.147616 0.0133392 28.9505 1 1 0 0.156025 -0.000368 3.95228 26.9302 1 0 0 14.0003
104 1 0 0.195921 0.0334394 0 6.1e-16 0.0543266 0 0 0 -1 -1 -1 -1 0 0 0 -1
105 1 0 0.229356 0.0455335 0 2.68e-16 0.0583027 0 0 0 -1 -1 -1 -1 0 0 0 -1
106 0 0 128.271 11562.2 0.13837 0.00935603 23.9653 1 1 0 0.0717653 -0.000206 -5.76461 0.539657 1 0 0 17.0018
107 0 0 198.305 26897.5 0.191651 0.0355234 38.9917 0 0 0 -1 -1 -1 -1 0 0 0 -1
108 0 0 37.5198 1388.52 0.16721 0.0483272 12.2097 0 0 0 -1 -1 -1 -1 0 0 0 -1
109 0 0 183.179 21252.5 0.274289 0.0122864 42.173 1 1 0 0.13894 0.000003 -2.76171 -0.250291 1 0 0 94.3373
110 0 0 119.573 8122.47 0.502506 0.0304218 39.4927 1 1 0 0.33518 0.00002 9.88093 4.64285 1 0 0 91.8319
111 0 0 110.31 7381.27 0.376256 0.0102006 32.6312 1 1 0 0.1024 0.001875 1.73728 22.0115 1 0 0 99.1515
112 0 0 62.0924 2975.34 0.475163 0.0641817 24.0173 1 1 0 0.141255 -0.000069 -2.40072 0.311835 0 0 1 14.4928
113 0 0 33.3583 1154.66 0.420636 0.0353226 6.34057 0 0 0 -1 -1 -1 -1 0 0 0 -1
114 0 0 134.458 10486 0.227552 0.0216944 39.4606 1 1 0 0.0802778 0.366237 2.95828 -0.350994 1 0 0 16.1781
115 0 0 82.3666 4706.15 0.376986 0.0689007 26.6301 1 1 0 0.0583077 -0.000354 -14.5741 3.66356 1 0 0 3.9584
116 0 0 112.168 7615.57 0.194725 0.0489886 30.5809 0 0 0 -1 -1 -1 -1 0 0 0 -1
117 1 0 0.229356 0.0455335 0 2.68e-16 0.0583027 0 0 0 -1 -1 -1 -1 0 0 0 -1
118 0 0 100.476 6014.43 0.288269 0.131901 30.2508 0 0 0 -1 -1 -1 -1 0 0 0 -1
119 0 0 98.3919 5898.18 0.311283 0.0409272 28.3712 1 1 0 0.00444445 -0.049825 -1.25518 5.15217 1 0 0 0.232789
120 0 0 90.7442 4381.23 0.311362 0.0267032 31.9652 1 1 0 0.290897 0.000006 -0.036432 0.088937 1 0 0 85.6899
121 0 0 141.441 11381.9 0.46477 0.032303 43.4381 1 1 0 0.0351562 -0.000221 -0.368 -22.1507 1 0 0 24.8041
122 0 0 123.475 9095.89 0.337695 0.0210897 35.575 1 1 0 0.234619 0.002736 -6.12254 23.5604 1 0 0 81.0221
123 0 0 55.8309 3315.99 0.364641 0.0646489 23.3919 1 1 0 0.109871 -0.00099 2.55879 22.5521 1 0 0 78.8719
124 0 0 114.565 8385.18 0.164744 0.0416725 28.8063 1 1 0 0.081225 -0.036835 14.8784 8.12253 0 1 0 67.1158
125 0 0 55.9985 2191.27 0.325664 0.033418 18.4275 1 1 0 0.181239 0.000017 -0.552474 -22.6111 0 1 0 52.0828
126 1 0 162.3 13911.8 0.459347 0.0334089 58.0191 0 0 0 -1 -1 -1 -1 0 0 0 -1
127 0 0 169.061 20637.3 0.571853 0.00574734 28.4685 0 0 0 -1 -1 -1 -1 0 0 0 -1
128 0 0 120.492 6993.43 0.500831 0.016363 51.8919 0 0 0 -1 -1 -1 -1 0 0 0 -1
129 0 -1 -1 -1 -1 -1 -1 -1 -1 -1 -1 -1 -1 -1 -1 -1 -1 -1
130 1 0 0.190904 0.0316599 0 2.92e-16 0.0530025 0 0 0 -1 -1 -1 -1 0 0 0 -1
131 0 0 176.632 19690.2 0.0353841 0.0468565 42.7927 0 0 0 -1 -1 -1 -1 0 0 0 -1
132 0 0 69.2191 3938.29 0.586538 0.0332773 23.7123 0 0 0 -1 -1 -1 -1 0 0 0 -1
133 0 0 128.294 11084.6 0.102158 0.0288798 28.1779 0 0 0 -1 -1 -1 -1 0 0 0 -1
134 0 0 123.532 11123 0.38583 0.0173541 20.8954 1 1 0 0.129792 -0.000148 0.533948 16.9741 1 0 0 12.3437
135 0 0 97.3292 6780.63 0.354647 0.0236953 16.6347 1 1 0 0.486506 -0.129885 -2.95598 0.020835 1 0 0 14.8267
136 1 0 0.158587 0.0222283 0 6.9e-16 0.041283 0 0 0 -1 -1 -1 -1 0 0 0 -1
137 0 0 46.6379 1856.4 0.555316 0.0519977 13.6595 0 0 0 -1 -1 -1 -1 0 0 0 -1
138 0 0 143.892 11647.2 0.361112 0.02107 44.7121 1 1 0 0.288906 -0.004233 -24.5977 -8.62965 1 0 0 97.0474
139 0 0 76.9538 4322.11 0.729342 0.0593953 19.2852 1 0 1 0.0297562 0.000032 -4.44339 -0.011804 0 1 0 34.3623
140 0 0 126.293 10815.1 0.288167 0.00858571 24.2938 1 1 0 0.188726 0.00002 25.4522 24.171 1 0 0 21.9492
141 0 0 131.81 8718.12 0.459024 0.0165995 48.0455 1 1 0 0.112225 -0.000031 -3.43368 -3.96267 1 0 0 1.09267
142 0 0 134.437 9395.46 0.355222 0.0123569 43.5382 1 1 0 0.16 -0.000005 -11.8993 -22.3596 1 0 0 64.4322
143 0 0 141.256 14169.9 0.182634 0.0456859 27.1555 0 0 0 -1 -1 -1 -1 0 0 0 -1
144 1 0 0.158587 0.0222283 0 6.9e-16 0.041283 0 0 0 -1 -1 -1 -1 0 0 0 -1
145 1 0 0.229361 0.0455264 0 2.69e-16 0.0582633 0 0 0 -1 -1 -1 -1 0 0 0 -1
146 0 0 104.447 7198.56 0.348379 0.0553212 24.0727 1 0 1 0.00946189 0.000004 7.26038 0.131419 1 0 0 82.7298
147 0 0 112.381 7357.66 0.404805 0.0422321 42.3915 0 0 0 -1 -1 -1 -1 0 0 0 -1
148 0 0 119.32 10553 0.410138 0.0534168 20.4582 0 0 0 -1 -1 -1 -1 0 0 0 -1
149 1 0 0.158587 0.0222283 0 6.9e-16 0.041283 0 0 0 -1 -1 -1 -1 0 0 0 -1
150 0 0 146.395 16493.2 0.10692 0.011674 22.4213 0 0 0 -1 -1 -1 -1 0 0 0 -1
151 1 0 0.229356 0.0455335 0 2.68e-16 0.0583027 0 0 0 -1 -1 -1 -1 0 0 0 -1
152 0 0 66.1037 2886.99 0.21499 0.0324668 22.4194 1 0 1 0.129195 -0.385523 3.47293 -22.2746 1 0 0 39.4319
153 1 0 0.195921 0.0334394 0 6.1e-16 0.0543266 0 0 0 -1 -1 -1 -1 0 0 0 -1
154 0 0 120.521 9429.29 0.465546 0.0607673 28.0377 1 1 0 0.154118 -0.001731 4.98454 -0.303612 1 0 0 82.5501
155 0 0 96.1401 5926.7 0.572443 0.0327786 28.2776 1 0 1 0.0678715 0.001543 -6.25805 27.0532 1 0 0 96.073
156 1 0 0.173696 0.0260978 0 3.6e-16 0.0473395 0 0 0 -1 -1 -1 -1 0 0 0 -1
157 0 -1 -1 -1 -1 -1 -1 -1 -1 -1 -1 -1 -1 -1 -1 -1 -1 -1
158 0 0 122.944 9196.06 0.357045 0.0272409 34.3406 0 0 0 -1 -1 -1 -1 0 0 0 -1
159 0 0 74.6039 4286.33 0.355969 0.0473218 23.0459 0 0 0 -1 -1 -1 -1 0 0 0 -1
160 0 0 93.6499 6192.12 0.169204 0.0292458 20.9741 0 0 0 -1 -1 -1 -1 0 0 0 -1
161 0 0 106.214 6369.4 0.479325 0.00388437 30.7286 0 0 0 -1 -1 -1 -1 0 0 0 -1
162 0 0 106.457 9173.26 0.247112 0.0122319 12.068 1 1 0 0.109061 -0.008318 -1.78976 0.435063 0 1 0 0.319152
163 0 0 108.33 8552.46 0.34806 0.0805511 23.799 1 1 0 0.0684967 -0.000733 6.83504 -20.4873 1 0 0 47.7209
164 0 0 126.781 10545.8 0.217625 0.0113423 31.0512 1 1 0 0.253461 0.000364 -24.9649 -22.7652 1 0 0 48.6326
165 1 0 0.203092 0.035611 0 1.02e-17 0.0522253 0 0 0 -1 -1 -1 -1 0 0 0 -1
166 1 0 0.195921 0.0334394 0 6.1e-16 0.0543266 0 0 0 -1 -1 -1 -1 0 0 0 -1
167 1 0 0.229361 0.0455264 0 2.69e-16 0.0582633 0 0 0 -1 -1 -1 -1 0 0 0 -1
168 1 0 0.158587 0.0222283 0 6.9e-16 0.041283 0 0 0 -1 -1 -1 -1 0 0 0 -1
169 0 0 97.635 5298.97 0.0548209 0.00514231 32.5265 1 1 0 0.444444 -0.078813 7.39028 -5.44985 1 0 0 5.41072
170 0 0 83.5991 5523.6 0.261002 0.0170926 17.1178 1 1 0 0.062732 -0.000199 -25.3557 21.2162 1 0 0 63.591
171 0 0 122.058 9334.34 0.365864 0.00417505 34.4253 1 1 0 0.149254 0.000003 -4.71256 -0.256804 1 0 0 80.3283
172 0 0 81.5816 4407.42 0.427309 0.0594297 20.758 0 0 0 -1 -1 -1 -1 0 0 0 -1
173 0 0 212.803 33584.8 0.179116 0.0172005 33.7715 0 0 0 -1 -1 -1 -1 0 0 0 -1
174 0 1 204.135 26538.5 0 0.0284953 44.0561 0 0 0 -1 -1 -1 -1 0 0 0 -1
175 0 0 121.013 10639.7 0.0898914 0.011191 20.5984 0 0 0 -1 -1 -1 -1 0 0 0 -1
176 0 0 76.1666 4129.94 0.519945 0.0387788 20.6453 0 0 0 -1 -1 -1 -1 0 0 0 -1
177 0 0 193.659 24386 0.0791388 0.0226638 41.2703 1 1 0 0.117306 -0.000804 -0.615524 24.2235 1 0 0 85.1095
178 0 0 69.406 3258.3 0.394098 0.0478571 18.8378 1 1 0 0.176334 -0.000115 4.77332 -2.48871 1 0 0 99.178
179 1 0 0.190904 0.0316599 0 2.92e-16 0.0530025 0 0 0 -1 -1 -1 -1 0 0 0 -1
180 0 0 83.1404 4772.56 0.219344 0.0257419 27.6945 0 0 0 -1 -1 -1 -1 0 0 0 -1
181 0 0 137.999 10439.6 0.202059 0.0131391 46.6046 1 1 0 0.291054 -0.000012 -17.6675 -22.4108 0 1 0 73.4604
182 0 0 145.003 12012.3 0.259032 0.102593 42.2654 1 0 1 0.0166168 0.000146 -0.572457 -1.63144 0 1 0 65.3812
183 0 0 69.6557 3700.61 0.132052 0.0442946 35.7849 1 1 0 0.187778 0.000002 -2.84542 -0.107781 1 0 0 60.2287
184 0 0 72.0065 2901.82 0.32941 0.0180657 22.8639 1 1 0 0.300329 -0.000025 32.0434 4.35261 1 0 0 4.0517
185 0 0 129.641 10129.5 0.474649 0.0269799 32.5233 1 1 0 0.184056 0.000176 5.45323 0.041629 0 1 0 43.6787
186 1 0 0.203092 0.035611 0 1.02e-17 0.0522253 0 0 0 -1 -1 -1 -1 0 0 0 -1
187 0 0 133.239 10154.4 0.43007 0.02007 40.7653 1 1 0 0.168919 -0.000004 1.28625 -0.277797 0 1 0 95.7634
188 0 0 117.999 9242.39 0.197613 0.0139934 28.5259 0 0 0 -1 -1 -1 -1 0 0 0 -1
189 0 0 110.296 8684.41 0.220052 0.0465224 24.9936 1 1 0 0.0976562 -0.000643 -8.31435 -4.24899 1 0 0 78.6257
190 0 0 84.0764 4902.83 0.5255 0.0868721 31.5382 1 1 0 0.181921 -0.006876 1.43412 -13.2928 0 0 1 30.4584
191 0 0 85.0271 4243.6 0.454874 0.0422857 36.0378 1 0 1 0.0718441 -0.000003 3.79904 0.010779 0 1 0 83.9885
192 0 0 81.779 4812.03 0.135785 0.0476779 25.0483 1 1 0 0.0928345 0.000007 1.13223 -4.92451 1 0 0 94.7016
193 0 0 124.064 10514.3 0.137713 0.064944 28.1348 1 1 0 0.0126029 -0.08001 -0.298777 8.75251 0 1 0 0.210784
194 0 0 98.7508 8053.45 0.279826 0.038736 10.3198 0 0 0 -1 -1 -1 -1 0 0 0 -1
195 0 0 120.948 9536.11 0.246567 0.0582768 27.8948 0 0 0 -1 -1 -1 -1 0 0 0 -1
196 0 0 167.025 25007.3 0.584193 0.0349661 9.50276 0 0 0 -1 -1 -1 -1 0 0 0 -1
197 0 0 131.105 9254.8 0.408872 0.0782652 43.2923 1 1 0 0.100806 -0.038224 -14.9589 -0.071183 0 1 0 35.1988
198 0 0 165.628 19110.6 0.472815 0.018175 31.1798 0 0 0 -1 -1 -1 -1 0 0 0 -1
199 0 0 37.5771 1271.22 0.0743741 0.221987 5.54222 0 0 0 -1 -1 -1 -1 0 0 0 -1
200 0 0 106.926 7513.33 0.659189 0.0116921 26.8783 0 0 0 -1 -1 -1 -1 0 0 0 -1
201 1 0 0.229361 0.0455264 0 2.69e-16 0.0582633 0 0 0 -1 -1 -1 -1 0 0 0 -1
202 0 0 36.654 1691.61 0.0701017 0.0189438 18.0471 0 0 0 -1 -1 -1 -1 0 0 0 -1
203 0 0 153.522 15146.5 0.408901 0.0245246 36.9853 0 0 0 -1 -1 -1 -1 0 0 0 -1
204 0 0 49.7153 1849.64 0.770418 0.0563499 15.7226 0 0 0 -1 -1 -1 -1 0 0 0 -1
205 0 0 125.217 8994.26 0.428014 0.0130433 34.8047 0 0 0 -1 -1 -1 -1 0 0 0 -1
206 0 0 155.878 14400.6 0.20817 0.0168965 41.7991 1 1 0 0.370971 -0.00001 2.50242 0.55783 1 0 0 97.7763
207 0 0 0 0 0 0 0 0 0 0 -1 -1 -1 -1 0 0 0 -1
208 0 0 86.8256 5010.65 0.326272 0.0998617 30.4623 1 1 0 0.0450548 -0.000118 -0.591974 -0.000564 1 0 0 3.01543
209 1 0 0.229356 0.0455335 0 2.68e-16 0.0583027 0 0 0 -1 -1 -1 -1 0 0 0 -1
210 1 0 0.229356 0.0455335 0 2.68e-16 0.0583027 0 0 0 -1 -1 -1 -1 0 0 0 -1
211 0 0 148.475 14501.9 0.0990412 0.0193587 32.5795 0 0 0 -1 -1 -1 -1 0 0 0 -1
212 0 0 100.162 5564.12 0.246755 0.0177247 39.9302 1 1 0 0.185837 -0.000039 -0.574154 -1.12303 0 1 0 77.0055
213 0 0 70.1298 3917.84 0.228513 0.0524296 15.018 0 0 0 -1 -1 -1 -1 0 0 0 -1
214 0 0 84.3872 4356.9 0.925054 0.04943 20.4881 0 0 0 -1 -1 -1 -1 0 0 0 -1
215 0 0 86.657 5121.06 0.325357 0.0354833 23.6947 1 1 0 0.1764 24.3992 -4.134 -0.003712 1 0 0 5.24675
216 0 0 113.246 8223.99 0.353645 0.0213253 27.0759 1 1 0 0.210013 1.16151 -2.68992 -17.6023 1 0 0 13.3874
217 1 0 0.173696 0.0260978 0 3.6e-16 0.0473395 0 0 0 -1 -1 -1 -1 0 0 0 -1
218 0 0 156.962 13248.1 0.237214 0.0208895 48.241 1 1 0 0.208861 -0.001497 1.86202 -3.33056 0 1 0 90.8781
219 0 0 84.7619 4424.82 0.560601 0.037456 32.5494 1 1 0 0.16 -0.000412 27.535 10.7768 0 1 0 93.1255
220 0 0 161.869 17411.6 0.110161 0.00985436 32.38 0 0 0 -1 -1 -1 -1 0 0 0 -1
221 1 0 0.190904 0.0316599 0 2.92e-16 0.0530025 0 0 0 -1 -1 -1 -1 0 0 0 -1
222 0 0 157.264 15194.8 0.265474 0.0282738 41.445 1 1 0 0.112854 0.000016 11.535 22.6312 1 0 0 34.0337
223 0 1 0.816961 0.454153 0 -0.00891781 0.180332 0 0 0 -1 -1 -1 -1 0 0 0 -1
224 0 0 100.346 6960.89 0.205352 0.0795792 21.9259 1 0 1 0.0352835 -0.000002 11.9361 22.8127 1 0 0 66.5609
225 -1 -1 122.273 7727.65 0.382152 0.0170762 43.5596 -1 -1 -1 -1 -1 -1 -1 -1 -1 -1 -1
226 0 1 0.436706 0.123969 0 -0.0166268 0.117345 1 1 0 0.141681 -0.000333 15.71 20.7247 1 0 0 74.8021
227 0 0 109.59 7471.81 0.18252 0.0154872 27.9275 0 0 0 -1 -1 -1 -1 0 0 0 -1
228 0 0 131.486 10384.8 0.479926 0.049804 40.8158 0 0 0 -1 -1 -1 -1 0 0 0 -1
229 -1 -1 0.229356 0.0455335 0 2.68e-16 0.0583027 -1 -1 -1 -1 -1 -1 -1 -1 -1 -1 -1
230 1 0 0.195921 0.0334394 0 6.1e-16 0.0543266 0 0 0 -1 -1 -1 -1 0 0 0 -1
231 0 0 147.483 13703.7 0.139579 0.0120631 36.4248 1 1 0 0.135063 -0.000006 -7.27026 21.9739 1 0 0 5.49813
232 1 0 0.158587 0.0222283 0 6.9e-16 0.041283 0 0 0 -1 -1 -1 -1 0 0 0 -1
233 0 0 97.943 5489.15 0.525253 0.0214083 30.0887 1 0 1 0.0961 -0.000207 35.4549 5.71242 1 0 0 57.1337
234 0 1 81.8636 5095.07 0 0.0297206 13.9357 1 1 0 0.0343845 0.166236 -9.58457 7.4606 1 0 0 71.3287
235 1 0 0.195921 0.0334394 0 6.1e-16 0.0543266 0 0 0 -1 -1 -1 -1 0 0 0 -1
236 1 0 0.195921 0.0334394 0 6.1e-16 0.0543266 0 0 0 -1 -1 -1 -1 0 0 0 -1
237 0 0 102.702 6411.12 0.421302 0.0516112 32.6358 1 1 0 0.099225 0.000012 -13.7134 -22.2895 1 0 0 85.0018
238 0 0 26.817 622.769 0.334402 0.100963 3.17722 0 0 0 -1 -1 -1 -1 0 0 0 -1
239 0 0 149.863 15350 0.0961152 0.0392548 30.3208 0 0 0 -1 -1 -1 -1 0 0 0 -1
240 1 0 0.190904 0.0316599 0 2.92e-16 0.0530025 0 0 0 -1 -1 -1 -1 0 0 0 -1
241 0 0 108.544 7843.47 0.244397 0.0367066 24.7614 1 1 0 0.011025 0.220475 6.58584 -2.39223 1 0 0 89.5743
242 0 0 101.377 7688.86 0.548025 0.0973421 19.108 0 0 0 -1 -1 -1 -1 0 0 0 -1
243 0 0 86.8438 5943.02 0.577584 0.0356231 11.9074 1 1 0 0.186251 -0.000034 -2.37538 0.557688 1 0 0 9.24184
244 0 -1 -1 -1 -1 -1 -1 -1 -1 -1 -1 -1 -1 -1 -1 -1 -1 -1
245 1 0 0.158587 0.0222283 0 6.9e-16 0.041283 0 0 0 -1 -1 -1 -1 0 0 0 -1
246 0 0 148.655 15299.9 0.421666 0.0248632 30.3151 1 1 0 0.1225 0.000013 0.692967 7.3301 1 0 0 1.73373
247 1 0 0.203092 0.035611 0 1.02e-17 0.0522253 0 0 0 -1 -1 -1 -1 0 0 0 -1
248 1 0 0.203092 0.035611 0 1.02e-17 0.0522253 0 0 0 -1 -1 -1 -1 0 0 0 -1
249 1 0 0.599035 0.223313 0 -0.021314 0.151055 0 0 0 -1 -1 -1 -1 0 0 0 -1
250 0 0 81.2179 5155.12 0.311582 0.042388 18.7814 0 0 0 -1 -1 -1 -1 0 0 0 -1
251 0 0 151.845 13577.7 0.234201 0.0303942 40.9202 0 0 0 -1 -1 -1 -1 0 0 0 -1
252 0 0 99.1599 6552.92 0.66744 0.0250578 21.7688 1 1 0 0.00972864 0.000064 30.6308 1.66073 1 0 0 89.883
253 0 0 77.862 4450.81 0.355692 0.054062 17.3983 1 1 0 0.0299522 0.000134 -2.87142 22.652 1 0 0 31.3306
254 0 0 163.969 15736.2 0.155054 0.0327836 43.363 1 0 1 0.0232086 0.00335 -6.33031 0.000208 0 1 0 96.1942
255 0 0 146.708 12792.2 0.161821 0.0129829 38.1615 1 1 0 0.200256 0.000021 -22.7164 -22.4499 1 0 0 43.9056
256 0 0 113.94 8756.32 0.366072 0.0402877 27.5521 0 0 0 -1 -1 -1 -1 0 0 0 -1
257 0 0 68.0209 3191.12 0.542638 0.045254 16.0804 1 1 0 0.0554667 0.000009 6.51154 22.4941 1 0 0 77.0244
258 0 0 99.1423 6312.99 0.283877 0.0809671 28.6937 1 0 1 0.0363 -0.000145 -3.0459 -4.1329 1 0 0 98.4484
259 0 0 176.248 21605.4 0.269143 0.022623 32.8193 0 0 0 -1 -1 -1 -1 0 0 0 -1
260 0 0 91.3868 4680.13 0.446063 0.0350949 37.463 1 1 0 0.009025 -9.98253 41.3628 -61.1493 1 0 0 20.8189
261 0 0 75.0837 4329.63 0.194258 0.0648761 40.2002 0 0 0 -1 -1 -1 -1 0 0 0 -1
262 0 0 184.383 26097.7 0.140077 0.0255519 25.4692 1 1 0 0.1681 -11.409 -2.42058 22.8136 0 1 0 4.67517
263 0 0 31.9541 1077.07 0.232442 0.147607 7.68599 1 1 0 0.0549316 -0.000009 -13.7249 -0.359 1 0 0 63.696
264 1 1 39.7007 2197.51 0.390958 0.138371 14.2127 0 0 0 -1 -1 -1 -1 0 0 0 -1
265 0 0 166.089 17612.7 0.184409 0.0199999 37.3699 1 1 0 0.19334 0.000009 20.1093 -22.4571 1 0 0 2.99431
266 0 0 138.704 13489.6 0.424419 0.022422 24.5912 0 0 0 -1 -1 -1 -1 0 0 0 -1
267 0 0 118.485 8037.16 0.267003 0.0302082 35.1604 1 1 0 0.0544053 0.000044 -9.70747 1.77948 1 0 0 1.73373
268 0 0 64.6251 3203.86 0.362885 0.0437018 11.3512 1 1 0 0.12915 -0.000006 -6.88291 -20.2768 1 0 0 81.8738
269 0 0 119.971 9018.75 0.306519 0.0275078 31.6479 1 1 0 0.21608 0.179779 10.859 21.4832 0 1 0 76.6559
270 0 0 112.518 8208.25 0.501117 0.0210598 28.7896 0 0 0 -1 -1 -1 -1 0 0 0 -1
271 0 0 114.071 8476.15 0.342745 0.0861978 28.9875 0 0 0 -1 -1 -1 -1 0 0 0 -1
272 0 0 89.4549 5468.73 0.211941 0.0562282 25.8686 0 0 0 -1 -1 -1 -1 0 0 0 -1
273 0 0 99.9646 6269.52 0.462272 0.0238132 30.5059 1 1 0 0.170156 -0.004119 -7.25173 -1.54488 0 0 1 20.9331
274 0 0 116.275 8582.84 0.350858 0.0266792 28.5743 1 1 0 0.257556 -0.481342 -0.881188 0.004845 1 0 0 7.54292
275 0 0 155.462 18036.1 0.260611 0.00916458 23.7367 1 1 0 0.0793361 0.000019 -8.99397 -0.002944 1 0 0 69.4996
276 0 0 101.803 7939.06 0.30335 0.0365805 17.8122 0 0 0 -1 -1 -1 -1 0 0 0 -1
277 0 0 180.726 27505.8 0.353888 0.02539 16.1323 0 0 0 -1 -1 -1 -1 0 0 0 -1
278 1 0 0.173696 0.0260978 0 3.6e-16 0.0473395 0 0 0 -1 -1 -1 -1 0 0 0 -1
279 0 0 135.807 11766.1 0.262833 0.0455579 32.2582 1 0 1 0.00887748 -4.45947 16.0392 -27.0733 1 0 0 12.7498
280 0 0 98.8689 7209.56 0.674471 0.0279294 17.365 0 0 0 -1 -1 -1 -1 0 0 0 -1
281 0 0 144.081 11066.9 0.483131 0.0409002 47.5067 0 0 0 -1 -1 -1 -1 0 0 0 -1
282 1 0 0.195921 0.0334394 0 6.1e-16 0.0543266 0 0 0 -1 -1 -1 -1 0 0 0 -1
283 0 0 59.713 2946.63 0.0205727 0.35771 17.3298 0 0 0 -1 -1 -1 -1 0 0 0 -1
284 0 0 106.324 6110.55 0.491205 0.032044 34.8484 0 0 0 -1 -1 -1 -1 0 0 0 -1
285 1 0 0.158587 0.0222283 0 6.9e-16 0.041283 0 0 0 -1 -1 -1 -1 0 0 0 -1
286 0 0 118.776 8821.7 0.365584 0.0196764 29.7608 1 1 0 0.412709 -0.00002 -0.5707 8.59367 1 0 0 95.0725
287 1 0 0.203092 0.035611 0 1.02e-17 0.0522253 0 0 0 -1 -1 -1 -1 0 0 0 -1
288 0 0 94.4659 4991.21 0.374947 0.0567862 35.4146 0 0 0 -1 -1 -1 -1 0 0 0 -1
289 0 0 111.588 7149.27 0.380586 0.082727 37.0194 1 1 0 0.00525625 -0.000537 0.255137 0.41837 1 0 0 88.023
290 0 0 101.393 6052.59 0.380342 0.0504263 33.0406 1 1 0 0.18129 -0.000001 14.9299 22.2192 1 0 0 98.9751
291 1 0 0.173696 0.0260978 0 3.6e-16 0.0473395 0 0 0 -1 -1 -1 -1 0 0 0 -1
292 -1 -1 0.229361 0.0455264 0 2.69e-16 0.0582633 -1 -1 -1 -1 -1 -1 -1 -1 -1 -1 -1
293 1 0 0.203092 0.035611 0 1.02e-17 0.0522253 0 0 0 -1 -1 -1 -1 0 0 0 -1
294 0 0 137.911 12366.3 0.382366 0.0455424 32.2788 1 1 0 0.0770978 -0.001016 -5.85022 11.5336 1 0 0 70.7602
295 0 0 128.424 10249.7 0.193745 0.0325765 33.8987 0 0 0 -1 -1 -1 -1 0 0 0 -1
296 0 0 248.887 57303.9 0.00716773 0.0148325 10.1224 0 0 0 -1 -1 -1 -1 0 0 0 -1
297 0 0 58.8239 2342.29 0.51857 0.013309 13.593 0 0 0 -1 -1 -1 -1 0 0 0 -1
298 0 0 58.7965 2563.73 0.231665 0.043146 17.8292 1 0 1 0.0161171 0.000122 7.49737 -0.704554 1 0 0 62.448
299 0 0 138.247 9746.67 0.282009 0.0358435 49.0146 1 1 0 0.119601 0.000013 16.6942 -32.6047 1 0 0 2.98401
300 0 0 98.1778 5622.9 0.330592 0.0460791 30.7952 1 0 1 0.0313481 -1.78662 10.3623 -18.4595 1 0 0 8.28041
301 0 0 101.59 6154.48 0.253543 0.024484 34.6422 1 1 0 0.196544 0.000018 1.72323 19.7461 1 0 0 14.5016
302 0 0 147.103 12929.5 0.212745 0.020484 38.3479 1 1 0 0.0393361 -0.00004 -14.3004 -0.679413 1 0 0 94.563
303 -1 -1 82.8023 4649.23 0.155089 0.0332208 28.4319 -1 -1 -1 -1 -1 -1 -1 -1 -1 -1 -1
304 0 0 100.767 6970.26 0.298868 0.00921963 21.0375 0 0 0 -1 -1 -1 -1 0 0 0 -1
305 0 0 101.948 5709.57 0.256977 0.0251785 33.9964 1 1 0 0.351736 -0.000005 -7.20206 -20.0578 1 0 0 55.0656
306 1 0 0.203092 0.035611 0 1.02e-17 0.0522253 0 0 0 -1 -1 -1 -1 0 0 0 -1
307 0 0 115.022 9560.94 0.569907 0.0611737 19.3403 0 0 0 -1 -1 -1 -1 0 0 0 -1
308 0 0 107.702 7766.91 0.752768 0.0501701 23.6006 0 0 0 -1 -1 -1 -1 0 0 0 -1
309 0 0 111.497 7680.52 0.341975 0.00920874 32.2132 1 1 0 0.345156 0.000005 -23.8998 -21.8145 0 1 0 97.3768
310 0 0 110.142 7259.57 0.282873 0.0446471 31.2112 1 1 0 0.0218453 -0.000154 0.056299 -0.340855 1 0 0 59.3306
311 0 0 104.247 5975.83 0.405897 0.00551114 37.0517 1 1 0 0.14712 -0.000005 -6.70739 -1.67958 1 0 0 10.7324
312 0 0 136.711 11996.4 0.311329 0.018948 30.8128 0 0 0 -1 -1 -1 -1 0 0 0 -1
313 1 0 0.158587 0.0222283 0 6.9e-16 0.041283 0 0 0 -1 -1 -1 -1 0 0 0 -1
314 0 0 106.085 6570.89 0.459202 0.043558 38.132 1 1 0 0.178506 -0.006025 2.98798 -0.520218 1 0 0 78.8145
315 0 0 84.2508 4456.02 0.375874 0.00481301 26.3113 0 0 0 -1 -1 -1 -1 0 0 0 -1
316 0 0 136.936 12468.2 0.900682 0.014799 28.3905 0 0 0 -1 -1 -1 -1 0 0 0 -1
317 0 0 173.411 21135.4 0.316092 0.0336121 30.6287 0 0 0 -1 -1 -1 -1 0 0 0 -1
318 0 -1 -1 -1 -1 -1 -1 -1 -1 -1 -1 -1 -1 -1 -1 -1 -1 -1
319 0 0 69.2643 3026.43 0.389902 0.0202693 23.7111 0 0 0 -1 -1 -1 -1 0 0 0 -1
320 0 0 115.376 9200.35 0.387926 0.0629231 26.5907 1 1 0 0.0552487 0.000775 -2.24826 22.4957 1 0 0 59.3206
321 0 0 160.063 16160.5 0.0139836 0.0459278 41.0187 0 0 0 -1 -1 -1 -1 0 0 0 -1
322 0 0 124.537 10665 0.580143 0.02296 26.2011 0 0 0 -1 -1 -1 -1 0 0 0 -1
323 0 0 132.426 11492.9 0.544331 0.0735903 31.6497 0 0 0 -1 -1 -1 -1 0 0 0 -1
324 0 0 100.979 6829.39 0.438803 0.0312057 23.5104 1 1 0 0.3969 0.004167 -3.43979 -18.5216 0 1 0 91.271
325 0 0 136.896 12335.4 0.245408 0.0459713 29.165 1 1 0 0.018692 0.000152 -3.44498 3.29598 1 0 0 8.30472
326 0 0 66.9092 3561.37 0.201493 0.0301324 9.92647 1 1 0 0.0787544 0.381658 -7.19095 13.3826 1 0 0 5.06653
327 0 0 72.6031 3890.48 0.128739 0.0493198 19.738 1 1 0 0.115494 -0.000004 -7.79536 -0.341316 1 0 0 99.5885
328 0 0 117.015 7995.26 0.320365 0.0312526 36.8262 1 1 0 0.0544053 -0.000003 2.92162 0.018686 1 0 0 0.454956
329 1 0 0.229356 0.0455335 0 2.68e-16 0.0583027 0 0 0 -1 -1 -1 -1 0 0 0 -1
330 1 0 0.158587 0.0222283 0 6.9e-16 0.041283 0 0 0 -1 -1 -1 -1 0 0 0 -1
331 0 0 95.477 5971.92 0.589103 0.0250615 22.8571 0 0 0 -1 -1 -1 -1 0 0 0 -1
332 0 0 139.453 11220.8 0.261741 0.0257782 46.1032 0 0 0 -1 -1 -1 -1 0 0 0 -1
333 0 0 114.868 8539.57 0.290001 0.0232128 27.8769 0 0 0 -1 -1 -1 -1 0 0 0 -1
334 -1 -1 95.079 6299.06 0.349026 0.0636454 20.5969 -1 -1 -1 -1 -1 -1 -1 -1 -1 -1 -1
335 0 0 190.333 21574.9 0.305299 0.0267244 50.5443 0 0 0 -1 -1 -1 -1 0 0 0 -1
336 0 0 174.08 16686.7 0.287526 0.0491983 57.4296 0 0 0 -1 -1 -1 -1 0 0 0 -1
337 1 0 0.158587 0.0222283 0 6.9e-16 0.041283 0 0 0 -1 -1 -1 -1 0 0 0 -1
338 1 0 0.173696 0.0260978 0 3.6e-16 0.0473395 0 0 0 -1 -1 -1 -1 0 0 0 -1
339 0 0 204.152 28262.7 0.123769 0.054646 38.5223 0 0 0 -1 -1 -1 -1 0 0 0 -1
340 0 0 114.658 8330.98 0.408714 0.0807851 29.8682 0 0 0 -1 -1 -1 -1 0 0 0 -1
341 -1 -1 142.379 13995.1 0.252718 0.0167196 28.954 -1 -1 -1 -1 -1 -1 -1 -1 -1 -1 -1
342 1 0 0.203092 0.035611 0 1.02e-17 0.0522253 0 0 0 -1 -1 -1 -1 0 0 0 -1
343 0 1 0.486671 0.159219 0 -0.00967515 0.107208 0 0 0 -1 -1 -1 -1 0 0 0 -1
344 0 0 80.5471 4610.18 0.255382 0.0608146 22.3742 1 1 0 0.073916 0.000023 -12.1271 0.003882 1 0 0 72.1475
345 0 0 101.661 6646.79 0.234305 0.0195574 26.7414 1 1 0 0.148225 0.000064 10.191 -22.4453 1 0 0 44.5093
346 0 0 110.281 8428.44 0.251205 0.0205366 21.9426 0 0 0 -1 -1 -1 -1 0 0 0 -1
347 0 0 123.366 9023.12 0.53722 0.0772099 34.8809 0 0 0 -1 -1 -1 -1 0 0 0 -1
348 0 0 110.851 5737.42 0.645521 0.028554 46.3284 1 1 0 0.538481 -0.008532 4.30725 -11.593 0 1 0 75.9849
349 0 0 114.101 8228.08 0.183614 0.0376207 26.3525 0 0 0 -1 -1 -1 -1 0 0 0 -1
350 1 0 0.203092 0.035611 0 1.02e-17 0.0522253 0 0 0 -1 -1 -1 -1 0 0 0 -1
351 0 0 106.126 7801.72 0.72444 0.0536758 24.3898 0 0 0 -1 -1 -1 -1 0 0 0 -1
352 0 0 147.426 14378.6 0.431644 0.0481169 31.5897 1 1 0 0.0159398 0.011548 -6.86417 -20.6113 0 0 1 92.1226
353 0 0 91.2413 5658.53 0.226026 0.0637944 22.3934 0 0 0 -1 -1 -1 -1 0 0 0 -1
354 0 0 85.566 4804.44 0.479421 0.0896655 22.9502 0 0 0 -1 -1 -1 -1 0 0 0 -1
355 0 0 115.668 9201.07 0.368133 0.0354278 29.0092 0 0 0 -1 -1 -1 -1 0 0 0 -1
356 0 0 164.537 15094.2 0.204419 0.0457978 50.8284 1 1 0 0.22001 0.000034 2.08856 21.392 0 1 0 72.841
357 0 0 133.211 11032.4 0.34609 0.0151232 36.3469 1 1 0 0.0215111 0.000022 -21.6156 12.5908 1 0 0 34.8583
358 0 0 121.075 10376.2 0.502003 0.0400027 24.4933 0 0 0 -1 -1 -1 -1 0 0 0 -1
359 0 0 174.246 19665.3 0.295844 0.0277333 38.8272 1 1 0 0.266944 -0.000849 -0.587329 -0.06985 0 0 1 1.24396
360 0 0 118.269 10571 0.145338 0.013767 17.2474 0 0 0 -1 -1 -1 -1 0 0 0 -1
361 0 0 104.079 7063.54 0.438652 0.030387 22.2115 0 0 0 -1 -1 -1 -1 0 0 0 -1
362 1 0 0.195921 0.0334394 0 6.1e-16 0.0543266 0 0 0 -1 -1 -1 -1 0 0 0 -1
363 0 0 134.31 11067.6 0.106132 0.0345433 36.9406 0 0 0 -1 -1 -1 -1 0 0 0 -1
364 0 0 136.066 11286.4 0.319656 0.0461344 39.8629 1 1 0 0.145032 0.000021 1.53691 0.867611 1 0 0 96.8217
365 0 0 0.791968 0.360863 0 -0.0180233 0.229408 0 0 0 -1 -1 -1 -1 0 0 0 -1
366 0 0 108.372 8152.66 0.313634 0.0198995 23.7312 1 1 0 0.0747681 0.000012 4.92076 13.1288 1 0 0 0.651662
367 -1 -1 114.035 8480.17 0.352116 0.0312166 29.6872 -1 -1 -1 -1 -1 -1 -1 -1 -1 -1 -1
368 0 0 109.206 7076.25 0.301053 0.0125264 34.7888 1 1 0 0.123221 -0.095893 -3.77588 -4.91602 0 1 0 97.6645
369 0 0 192.054 25866.5 0.283391 0.0155429 35.3069 0 0 0 -1 -1 -1 -1 0 0 0 -1
370 0 0 109.845 7901.96 0.8194 0.0321907 25.0771 0 0 0 -1 -1 -1 -1 0 0 0 -1
371 0 0 74.2029 4363.52 0.136017 0.109248 37.0008 0 0 0 -1 -1 -1 -1 0 0 0 -1
372 1 0 0.190904 0.0316599 0 2.92e-16 0.0530025 0 0 0 -1 -1 -1 -1 0 0 0 -1
373 0 1 142.742 14606.4 0 0.0149169 24.5962 0 0 0 -1 -1 -1 -1 0 0 0 -1
374 1 0 0.173696 0.0260978 0 3.6e-16 0.0473395 0 0 0 -1 -1 -1 -1 0 0 0 -1
375 0 0 112.171 8681.96 0.397419 0.107244 36.6911 0 0 0 -1 -1 -1 -1 0 0 0 -1
376 0 0 162.828 17495.6 0.252332 0.034019 32.935 0 0 0 -1 -1 -1 -1 0 0 0 -1
377 0 0 100.948 6791.74 0.439423 0.0520421 28.2334 0 0 0 -1 -1 -1 -1 0 0 0 -1
378 1 0 0.190904 0.0316599 0 2.92e-16 0.0530025 0 0 0 -1 -1 -1 -1 0 0 0 -1
379 0 0 153.362 14208 0.333126 0.0239119 38.9152 0 0 0 -1 -1 -1 -1 0 0 0 -1
380 0 0 201.244 30452.8 0.191442 0.00725538 29.2305 0 0 0 -1 -1 -1 -1 0 0 0 -1
381 0 0 114.035 10437.6 0.134766 0.0131192 13.0009 1 1 0 0.0146637 -0.000004 -1.54168 -0.219193 1 0 0 4.77419
382 0 0 128.706 10549.5 0.158894 0.0251768 32.493 0 0 0 -1 -1 -1 -1 0 0 0 -1
383 0 0 127.271 9527.96 0.222713 0.067522 36.7231 0 0 0 -1 -1 -1 -1 0 0 0 -1
384 0 0 112.169 7393.34 0.410524 0.0400208 33.9078 1 1 0 0.0813141 1.02114 28.2878 2.53968 1 0 0 21.9101
385 0 0 109.403 6324.73 0.264427 0.0489215 46.5628 0 0 0 -1 -1 -1 -1 0 0 0 -1
386 0 0 105.396 6802.62 0.371872 0.0453573 31.5455 1 1 0 0.101725 0.000019 -12.5719 -22.8114 1 0 0 79.0004
387 0 0 122.303 9070.78 0.242002 0.0254271 38.6401 1 1 0 0.066564 7.38861 -16.8812 4.32036 1 0 0 6.02935
388 0 0 53.3008 2111.71 0.328086 0.0590383 11.9093 0 0 0 -1 -1 -1 -1 0 0 0 -1
389 0 0 159.354 14849.2 0.228725 0.0176733 43.0077 1 1 0 0.161604 0.006441 1.51148 -0.133026 0 1 0 23.5126
390 0 0 134.301 10158 0.289943 0.062223 41.8291 1 0 1 0.0344276 -0.000007 -2.46719 -0.765379 0 0 1 72.4531
391 0 0 135.522 13111.9 0.426263 0.0132713 23.4012 1 1 0 0.106588 0.00002 -16.9138 -31.0637 1 0 0 97.5378
392 1 0 0.229356 0.0455335 0 2.68e-16 0.0583027 0 0 0 -1 -1 -1 -1 0 0 0 -1
393 1 0 0.173696 0.0260978 0 3.6e-16 0.0473395 0 0 0 -1 -1 -1 -1 0 0 0 -1
394 0 0 89.7007 5206.99 0.256689 0.0278257 25.3205 1 1 0 0.172744 -0.000003 2.55071 -0.195977 1 0 0 99.0576
395 0 0 200.892 28442 0.117973 0.015017 38.3677 0 0 0 -1 -1 -1 -1 0 0 0 -1
396 0 0 74.5075 3902.39 0.358404 0.0204512 17.265 1 1 0 0.148225 -0.000015 -1.16656 -5.58881 1 0 0 82.3513
397 0 0 122.06 9641.57 0.220357 0.0661641 28.0522 0 0 0 -1 -1 -1 -1 0 0 0 -1
398 0 0 103.959 6436.44 0.194016 0.0166964 29.2099 1 0 1 0.14357 0.00002 1.23998 0.000388 0 1 0 51.5621
399 0 0 104.817 7342.66 0.223639 0.0514808 30.4296 1 1 0 0.0290992 -0.000326 -4.80677 22.8444 1 0 0 71.3497
400 -1 -1 94.8493 5906.31 0.284704 0.0222454 23.5911 -1 -1 -1 -1 -1 -1 -1 -1 -1 -1 -1
401 1 0 0.173696 0.0260978 0 3.6e-16 0.0473395 0 0 0 -1 -1 -1 -1 0 0 0 -1
402 0 0 59.1863 2396.43 0.479197 0.0834451 16.6262 0 0 0 -1 -1 -1 -1 0 0 0 -1
403 0 0 195.892 26886.7 0.105716 0.00835494 35.8135 1 1 0 0.1024 0.00002 5.2429 -2.57119 1 0 0 96.6974
404 0 0 26.868 734.13 0.0350355 0.0219324 10.9575 1 1 0 0.258133 -0.00023 12.6834 21.2743 1 0 0 37.7157
405 0 0 43.223 1846.6 0.290765 0.090639 24.2813 0 0 0 -1 -1 -1 -1 0 0 0 -1
406 -1 -1 86.3894 5165.06 0.416969 0.0744528 21.234 -1 -1 -1 -1 -1 -1 -1 -1 -1 -1 -1
407 0 0 80.9786 4439.48 0.23695 0.126276 22.3157 1 1 0 0.0138062 0.003087 4.98153 13.2122 0 1 0 88.6744
408 -1 -1 0.229361 0.0455264 0 2.69e-16 0.0582633 -1 -1 -1 -1 -1 -1 -1 -1 -1 -1 -1
409 0 0 133.809 10308.3 0.284096 0.0170015 38.3269 1 1 0 0.23085 -0.000166 12.8875 -21.1733 0 1 0 96.7267
410 1 0 0.195921 0.0334394 0 6.1e-16 0.0543266 0 0 0 -1 -1 -1 -1 0 0 0 -1
411 1 0 0.158587 0.0222283 0 6.9e-16 0.041283 0 0 0 -1 -1 -1 -1 0 0 0 -1
412 0 0 145.954 13407.3 0.143456 0.0433135 36.363 0 0 0 -1 -1 -1 -1 0 0 0 -1
413 0 0 54.0933 2640.81 0.329736 0.0509221 23.7337 1 1 0 0.104544 -0.140295 14.6233 -17.2715 1 0 0 93.1843
414 0 0 148.415 14467.4 0.232961 0.0701433 33.9684 0 0 0 -1 -1 -1 -1 0 0 0 -1
415 0 0 156.583 17981.7 0.128923 0.00975214 25.4769 0 0 0 -1 -1 -1 -1 0 0 0 -1
416 0 0 142.073 11540.8 0.228014 0.0184945 39.629 0 0 0 -1 -1 -1 -1 0 0 0 -1
417 -1 -1 86.9461 5546.96 0.220122 0.107062 18.9653 -1 -1 -1 -1 -1 -1 -1 -1 -1 -1 -1
418 0 0 123.015 10819.6 0.0184773 0.0263644 21.9066 1 0 1 0.114934 -0.000006 -12.7114 -1.06876 1 0 0 77.5655
419 0 0 92.815 5624.54 0.249759 0.0449184 30.0578 0 0 0 -1 -1 -1 -1 0 0 0 -1
420 0 0 154.936 15197 0.241663 0.0429457 37.0649 1 1 0 0.0176333 -0.000007 1.07655 1.76266 1 0 0 69.3279
421 0 0 31.0935 1167.12 0.261833 0.115826 10.279 0 0 0 -1 -1 -1 -1 0 0 0 -1
422 0 0 30.1064 1867.18 0.143271 0.0456978 14.068 1 1 0 0.00896533 -0.02727 17.8952 -22.3825 1 0 0 87.8877
423 0 0 118.073 9053.21 0.313323 0.102181 26.7603 0 0 0 -1 -1 -1 -1 0 0 0 -1
424 0 0 127.772 11061.5 0.283247 0.0703593 27.7333 0 0 0 -1 -1 -1 -1 0 0 0 -1
425 0 0 96.6377 6067.26 0.680987 0.0222941 21.625 1 1 0 0.572681 -2.39496 -5.63082 -2.6588 1 0 0 82.8384
426 0 0 86.7855 5105.15 0.409214 0.0467196 24.8872 1 1 0 0.027648 -0.009878 -4.89738 -2.58931 1 0 0 2.55131
427 -1 -1 208.573 26864 0.130032 0.0257999 53.459 -1 -1 -1 -1 -1 -1 -1 -1 -1 -1 -1
428 0 0 190.301 24707.8 0.275457 0.0254173 37.5601 0 0 0 -1 -1 -1 -1 0 0 0 -1
429 0 0 125.004 8703.42 0.321617 0.0500977 42.339 1 1 0 0.0533191 -0.000136 10.5636 0.164345 1 0 0 96.9511
430 0 0 105.97 6852.67 0.273341 0.0153317 31.6844 0 0 0 -1 -1 -1 -1 0 0 0 -1
431 0 0 133.644 12305.2 0.3464 0.0726055 27.9163 0 0 0 -1 -1 -1 -1 0 0 0 -1
432 -1 -1 111.938 8155.55 0.670796 0.0147383 26.6357 -1 -1 -1 -1 -1 -1 -1 -1 -1 -1 -1
433 0 0 92.4024 5775.46 0.313771 0.0429309 27.8456 0 0 0 -1 -1 -1 -1 0 0 0 -1
434 0 0 31.6332 1070.63 0.208779 0.0500428 17.5108 0 0 0 -1 -1 -1 -1 0 0 0 -1
435 0 0 0.434156 0.140117 0 -0.0132407 0.0642328 0 0 0 -1 -1 -1 -1 0 0 0 -1
436 0 0 97.2123 5904.95 0.281127 0.0331833 27.6439 1 1 0 0.156805 0.000023 -8.57284 -46.5127 1 0 0 7.61182
437 0 0 104.069 8202.93 0.13134 0.0129167 16.0942 0 0 0 -1 -1 -1 -1 0 0 0 -1
438 0 0 118.278 8251.97 0.172393 0.0380152 32.9212 0 0 0 -1 -1 -1 -1 0 0 0 -1
439 0 0 168.59 19665.2 0.0392973 0.0141114 31.7776 0 0 0 -1 -1 -1 -1 0 0 0 -1
440 0 0 139.398 11745.8 0.262385 0.0535378 38.5673 0 0 0 -1 -1 -1 -1 0 0 0 -1
441 0 0 135.876 10236.9 0.429949 0.0447019 43.221 1 1 0 0.113906 0.000002 5.28786 0.009716 0 1 0 0.662821
442 0 0 94.6036 5431.43 0.368529 0.0724271 27.6417 1 1 0 0.0232086 0.000016 -25.3234 -0.199658 1 0 0 28.703
443 1 0 0.195921 0.0334394 0 6.1e-16 0.0543266 0 0 0 -1 -1 -1 -1 0 0 0 -1
444 1 0 0.190904 0.0316599 0 2.92e-16 0.0530025 0 0 0 -1 -1 -1 -1 0 0 0 -1
445 0 0 110.55 7445.39 0.543356 0.0462048 37.3769 0 0 0 -1 -1 -1 -1 0 0 0 -1
446 -1 -1 241.324 47603.9 0.000614379 0.00875491 25.4898 -1 -1 -1 -1 -1 -1 -1 -1 -1 -1 -1
447 1 0 0.190904 0.0316599 0 2.92e-16 0.0530025 0 0 0 -1 -1 -1 -1 0 0 0 -1
448 0 0 96.6123 6179.33 0.289623 0.0604847 25.2029 1 1 0 0.0526651 0.000031 -12.1311 -20.9947 1 0 0 7.71163
449 0 0 88.8857 4926.35 0.48627 0.0278404 25.6231 1 0 1 0.043264 -0.000738 -12.0449 -0.230958 0 1 0 56.5931
450 0 0 54.43 2866.07 0.740038 0.0468918 10.2585 0 0 0 -1 -1 -1 -1 0 0 0 -1
451 0 0 115.617 7913.13 0.724441 0.02531 31.9536 1 0 1 0.116964 -0.000165 -0.959843 -0.756022 1 0 0 65.4951
452 0 0 47.1258 1446.74 0.68732 0.0782991 14.295 1 0 1 0.267008 -0.355 21.6638 23.7682 1 0 0 86.7983
453 0 0 68.0101 3360.15 0.328202 0.0576805 21.0741 1 1 0 0.200256 0.00003 -1.8583 22.1428 0 1 0 7.29895
454 0 0 117.277 9003.98 0.339245 0.122871 27.7844 0 0 0 -1 -1 -1 -1 0 0 0 -1
455 1 0 0.158587 0.0222283 0 6.9e-16 0.041283 0 0 0 -1 -1 -1 -1 0 0 0 -1
456 0 0 138.995 13515.2 0.292941 0.0169484 28.2614 0 0 0 -1 -1 -1 -1 0 0 0 -1
457 0 0 78.848 4643.89 0.300592 0.02732 21.7674 0 0 0 -1 -1 -1 -1 0 0 0 -1
458 1 0 0.229361 0.0455264 0 2.69e-16 0.0582633 0 0 0 -1 -1 -1 -1 0 0 0 -1
459 0 0 157.814 18043.8 0.178389 0.0274117 27.0107 0 0 0 -1 -1 -1 -1 0 0 0 -1
460 1 0 0.229356 0.0455335 0 2.68e-16 0.0583027 0 0 0 -1 -1 -1 -1 0 0 0 -1
461 0 0 119.311 10456 0.242109 0.0100125 19.7137 1 1 0 0.0625 -0.211232 -29.0835 15.2615 1 0 0 33.1512
462 1 0 88.8044 5812.09 0.37969 0.0140287 17.0563 0 0 0 -1 -1 -1 -1 0 0 0 -1
463 1 0 0.195921 0.0334394 0 6.1e-16 0.0543266 0 0 0 -1 -1 -1 -1 0 0 0 -1
464 0 0 0.336524 0.0770803 0 -0.00928689 0.0983398 0 0 0 -1 -1 -1 -1 0 0 0 -1
465 0 0 54.8973 3113.35 0.463122 0.0335647 27.8384 0 0 0 -1 -1 -1 -1 0 0 0 -1
466 0 0 106.194 7963.3 0.303302 0.0442632 26.7027 0 0 0 -1 -1 -1 -1 0 0 0 -1
467 0 0 140.584 12869.3 0.260007 0.0284539 33.3225 0 0 0 -1 -1 -1 -1 0 0 0 -1
468 0 0 54.5607 2640.1 0.0624612 0.0734019 15.7374 0 0 0 -1 -1 -1 -1 0 0 0 -1
469 0 0 61.8063 2747.27 0.337666 0.0990729 17.4383 1 1 0 0.106482 0.000401 0.388903 -0.148773 0 1 0 34.9072
470 0 0 94.8494 5717.16 0.655166 0.036351 22.43 1 1 0 0.200256 0.712742 -36.7997 -22.8695 1 0 0 58.8978
471 0 0 124.878 8029.77 0.34043 0.0347461 45.6756 1 1 0 0.115494 -0.000002 -2.79346 4.43767 1 0 0 31.2036
472 0 -1 -1 -1 -1 -1 -1 -1 -1 -1 -1 -1 -1 -1 -1 -1 -1 -1
473 0 0 110.836 7141.04 0.324246 0.0444478 33.1643 1 1 0 0.0390063 0.000614 -2.86878 0.147314 0 1 0 15.9826
474 0 0 78.2954 4207.01 0.138589 0.0382957 19.3976 0 0 0 -1 -1 -1 -1 0 0 0 -1
475 1 0 0.229361 0.0455264 0 2.69e-16 0.0582633 0 0 0 -1 -1 -1 -1 0 0 0 -1
476 0 0 110.96 7400.33 0.299639 0.0133578 30.5946 0 0 0 -1 -1 -1 -1 0 0 0 -1
477 -1 -1 54.3594 2413.18 0.209397 0.0451594 10.2177 -1 -1 -1 -1 -1 -1 -1 -1 -1 -1 -1
478 0 0 76.5046 4007.3 0.438817 0.0506804 20.4201 0 0 0 -1 -1 -1 -1 0 0 0 -1
479 -1 -1 0.203092 0.035611 0 1.02e-17 0.0522253 -1 -1 -1 -1 -1 -1 -1 -1 -1 -1 -1
480 1 0 0.195921 0.0334394 0 6.1e-16 0.0543266 0 0 0 -1 -1 -1 -1 0 0 0 -1
481 0 0 183.921 23379 0.02392 0.0103041 37.4652 1 1 0 0.038416 0.220817 7.76098 22.4812 1 0 0 24.9487
482 0 0 144.112 13706.1 0.0905231 0.0260199 32.1369 0 0 0 -1 -1 -1 -1 0 0 0 -1
483 1 0 0.195921 0.0334394 0 6.1e-16 0.0543266 0 0 0 -1 -1 -1 -1 0 0 0 -1
484 0 0 87.9215 4257.33 0.333339 0.0224064 37.2377 0 0 0 -1 -1 -1 -1 0 0 0 -1
485 0 0 109.119 8435.63 0.22579 0.0174212 24.2311 1 1 0 0.0855562 0.000004 -12.4907 22.5471 1 0 0 94.8445
486 1 0 0.229356 0.0455335 0 2.68e-16 0.0583027 0 0 0 -1 -1 -1 -1 0 0 0 -1
487 0 0 38.1995 956.218 0.515257 0.0779538 12.682 0 0 0 -1 -1 -1 -1 0 0 0 -1
488 0 0 108.827 7290.99 0.470183 0.0356871 28.4876 1 1 0 0.138384 -0.000004 -3.8171 -3.42234 1 0 0 3.16691
489 0 0 31.7777 1286.09 0.0896637 0.0370924 9.38237 1 1 0 0.017328 -0.000006 2.07753 0.000281 1 0 0 0.245151
490 0 0 78.7861 4516.21 0.301417 0.0404636 19.9938 0 0 0 -1 -1 -1 -1 0 0 0 -1
491 -1 -1 0.0602429 0.00276144 0 -0.01307 0.0169182 -1 -1 -1 -1 -1 -1 -1 -1 -1 -1 -1
492 0 0 112.499 7097.99 0.142135 0.0348299 47.658 1 0 1 0.0892826 0.000007 -2.3401 26.3567 1 0 0 99.0132
493 0 0 112.669 8419.95 0.503488 0.0342004 25.951 1 1 0 0.0169 0.00001 -2.46687 -0.005125 1 0 0 2.27087
494 0 0 160.852 18668.4 0.466436 0.00959886 26.3886 0 0 0 -1 -1 -1 -1 0 0 0 -1
495 1 0 0.190904 0.0316599 0 2.92e-16 0.0530025 0 0 0 -1 -1 -1 -1 0 0 0 -1
496 0 0 131.141 11788.2 0.270555 0.00909166 26.7261 0 0 0 -1 -1 -1 -1 0 0 0 -1
497 0 1 0.518055 0.178321 0 -0.0150504 0.119967 1 1 0 0.2048 0.000004 -1.9101 22.3836 1 0 0 91.2851
498 0 0 115.11 8135.54 0.268837 0.019399 31.7087 0 0 0 -1 -1 -1 -1 0 0 0 -1
499 0 0 124.882 9399.05 0.215588 0.0716197 35.034 0 0 0 -1 -1 -1 -1 0 0 0 -1
500 0 0 126.363 9908.64 0.463369 0.0494006 33.1403 0 0 0 -1 -1 -1 -1 0 0 0 -1
501 0 0 118.241 10435.3 0.0930828 0.0346894 20.7484 0 0 0 -1 -1 -1 -1 0 0 0 -1
502 0 0 192.164 23213.8 0.33879 0.0387513 47.1185 0 0 0 -1 -1 -1 -1 0 0 0 -1
503 0 0 112.328 8904.82 0.939771 0.0166888 21.8914 1 1 0 0.035743 1.02263 -7.11343 3.77383 0 1 0 61.6948
504 0 0 205.587 23411 0.282831 0.0298431 62.0773 0 0 0 -1 -1 -1 -1 0 0 0 -1
505 0 0 132.388 7817.94 0.27336 0.0334657 71.673 0 0 0 -1 -1 -1 -1 0 0 0 -1
506 0 0 152.288 13667.7 0.205946 0.112789 40.3861 0 0 0 -1 -1 -1 -1 0 0 0 -1
507 0 0 65.1277 3604.66 0.336887 0.0242113 28.7145 1 1 0 0.0248896 -5.1897 -14.011 15.288 1 0 0 22.9864
508 0 0 174.319 17835.4 0.249569 0.0096664 44.8455 1 1 0 0.204868 -0.000001 -4.0249 -1.13824 1 0 0 89.348
509 0 0 110.569 8203.13 0.155326 0.0526637 27.6676 0 0 0 -1 -1 -1 -1 0 0 0 -1
510 0 0 121.613 8533.46 0.471747 0.0173144 38.0962 1 1 0 0.155655 -0.000006 -1.65966 -13.2399 1 0 0 89.7648
511 0 0 92.3464 5098.6 0.136722 0.0318585 30.4106 0 0 0 -1 -1 -1 -1 0 0 0 -1
512 -1 -1 132.342 9911.36 0.143527 0.125499 38.9384 -1 -1 -1 -1 -1 -1 -1 -1 -1 -1 -1
513 0 0 176.908 22144.1 0.0944708 0.0195158 32.0828 1 1 0 0.00616533 -0.000325 12.9181 7.53103 1 0 0 95.1188
514 1 0 0.203092 0.035611 0 1.02e-17 0.0522253 0 0 0 -1 -1 -1 -1 0 0 0 -1
515 0 0 101.988 7190.14 0.341436 0.0216486 24.4958 1 1 0 0.0966856 -0.007072 6.06701 -0.007998 1 0 0 89.6886
516 0 0 156.735 19551.8 0.134513 0.0340977 17.9722 0 0 0 -1 -1 -1 -1 0 0 0 -1
517 0 0 93.5984 6208.86 0.552031 0.0382184 21.6093 1 1 0 0.200256 -0.002417 7.84801 5.22688 1 0 0 90.3726
518 1 0 0.229356 0.0455335 0 2.68e-16 0.0583027 0 0 0 -1 -1 -1 -1 0 0 0 -1
519 0 0 106.402 7101.85 0.409432 0.0417647 34.7921 1 1 0 0.198767 -0.097441 4.25536 22.339 1 0 0 89.6869
520 0 0 104.98 7083.6 0.217972 0.0566024 29.0523 1 1 0 0.034225 -0.058915 5.12989 0.753205 1 0 0 0.102323
521 0 0 135.912 10715.6 0.188978 0.0408916 42.3189 1 1 0 0.0287807 0.000016 1.26715 -22.9314 1 0 0 83.8862
522 0 0 112.463 8291.45 0.182731 0.0190145 28.6755 1 1 0 0.357193 -0.000008 16.2821 2.54842 0 1 0 96.2151
523 0 0 133.866 10831 0.263965 0.136289 39.1124 1 1 0 0.0216479 5.05028 11.0474 15.2272 1 0 0 94.8268
524 1 0 0.203092 0.035611 0 1.02e-17 0.0522253 0 0 0 -1 -1 -1 -1 0 0 0 -1
525 0 0 118.951 6941.03 0.350052 0.0646114 44.9947 0 0 0 -1 -1 -1 -1 0 0 0 -1
526 1 0 0.173696 0.0260978 0 3.6e-16 0.0473395 0 0 0 -1 -1 -1 -1 0 0 0 -1
527 1 0 0.229361 0.0455264 0 2.69e-16 0.0582633 0 0 0 -1 -1 -1 -1 0 0 0 -1
528 0 0 66.0942 2958.27 0.353558 0.114746 29.9797 0 0 0 -1 -1 -1 -1 0 0 0 -1
529 0 0 87.0352 4648.35 0.809661 0.048747 25.4123 1 1 0 0.0605621 0.00001 -2.54224 -0.00886 1 0 0 82.7365
530 1 0 0.229361 0.0455264 0 2.69e-16 0.0582633 0 0 0 -1 -1 -1 -1 0 0 0 -1
531 0 0 92.3313 5477.06 0.273129 0.0339664 29.7672 0 0 0 -1 -1 -1 -1 0 0 0 -1
532 1 0 0.173696 0.0260978 0 3.6e-16 0.0473395 0 0 0 -1 -1 -1 -1 0 0 0 -1
533 1 0 0.229361 0.0455264 0 2.69e-16 0.0582633 0 0 0 -1 -1 -1 -1 0 0 0 -1
534 0 0 119.283 9461.98 0.336776 0.0580869 29.5384 1 1 0 0.00694444 -0.000001 32.6052 20.8148 1 0 0 99.0615
535 0 0 189.665 25722.4 0.00367238 0.0106572 36.1557 0 0 0 -1 -1 -1 -1 0 0 0 -1
536 0 0 73.5178 4119.82 0.191599 0.06461 28.119 0 0 0 -1 -1 -1 -1 0 0 0 -1
537 0 1 188.551 22167.9 0 0.0326736 45.8517 0 0 0 -1 -1 -1 -1 0 0 0 -1
538 0 0 49.8397 1966.7 0.360007 0.0379706 7.02976 0 0 0 -1 -1 -1 -1 0 0 0 -1
539 0 0 82.3673 4780.05 0.641476 0.0601239 15.7696 1 0 1 0.0333062 -0.000017 1.77615 19.3619 1 0 0 96.7465
540 0 0 122.337 10508.5 0.160812 0.0161144 23.2014 0 0 0 -1 -1 -1 -1 0 0 0 -1
541 1 0 0.190904 0.0316599 0 2.92e-16 0.0530025 0 0 0 -1 -1 -1 -1 0 0 0 -1
542 0 0 144.699 15211.8 0.236407 0.0145319 24.6324 0 0 0 -1 -1 -1 -1 0 0 0 -1
543 0 0 131.18 12229.4 0.378616 0.0117212 21.9022 1 1 0 0.235225 -0.000006 3.19767 13.3077 1 0 0 56.1544
544 0 0 240.264 37786.3 0.0104743 0.012935 52.3964 0 0 0 -1 -1 -1 -1 0 0 0 -1
545 0 0 126.504 10486.8 0.429998 0.0245635 27.7493 1 1 0 0.151066 -0.000004 -0.343638 0.012425 0 1 0 70.7002
546 0 0 94.9678 6323.71 0.452862 0.0216799 23.8676 1 1 0 0.166644 -0.000272 -2.57041 -5.78123 1 0 0 91.1582
547 0 0 99.9376 7888.4 0.104666 0.037551 13.7377 1 1 0 0.009025 0.000003 5.99681 -0.098212 1 0 0 1.59829
548 1 0 0.158587 0.0222283 0 6.9e-16 0.041283 0 0 0 -1 -1 -1 -1 0 0 0 -1
549 0 0 70.7703 3401.54 0.436186 0.0374595 25.1358 1 0 1 0.027648 -0.000003 -45.1778 0.037416 0 1 0 9.31974
550 0 0 146.235 15034.4 0.211141 0.0419615 26.4326 1 1 0 0.145054 -0.000336 -6.42681 2.71496 1 0 0 64.0666
551 0 0 160.729 14425.3 0.530159 0.0308828 48.7136 0 0 0 -1 -1 -1 -1 0 0 0 -1
552 0 0 187.224 23918.5 0.210227 0.0265762 36.0944 0 0 0 -1 -1 -1 -1 0 0 0 -1
553 0 0 115.108 6781.2 0.330822 0.0304427 54.9798 1 1 0 0.106427 -0.000378 16.9048 -0.425434 1 0 0 10.8687
554 0 0 75.008 4508.07 0.332783 0.0373233 20.8251 1 1 0 0.015191 -0.000003 4.12248 -0.119312 1 0 0 59.9533
555 0 0 212.423 34210.3 0.353312 0.0137075 29.4293 0 0 0 -1 -1 -1 -1 0 0 0 -1
556 1 0 0.195921 0.0334394 0 6.1e-16 0.0543266 0 0 0 -1 -1 -1 -1 0 0 0 -1
557 0 0 136.295 9622.16 0.207031 0.0206555 52.2393 1 0 1 0.0451413 -0.00188 5.96573 0.017571 1 0 0 98.1498
558 1 0 0.158587 0.0222283 0 6.9e-16 0.041283 0 0 0 -1 -1 -1 -1 0 0 0 -1
559 0 0 148.238 13496.3 0.0416023 0.0206908 37.1308 1 1 0 0.200256 -0.000006 -1.72306 -19.7502 0 0 1 12.4965
560 -1 -1 116.129 8488.98 0 0.0311303 29.6144 -1 -1 -1 -1 -1 -1 -1 -1 -1 -1 -1
561 0 0 33.017 1390.81 0.13456 0.0972627 13.5854 0 0 0 -1 -1 -1 -1 0 0 0 -1
562 0 0 86.1456 4588.84 0.586381 0.0364618 29.2729 1 0 1 0.213333 -0.000196 -0.263448 -20.9685 1 0 0 35.1548
563 0 1 191.12 21079.8 0 0.0671714 52.6084 0 0 0 -1 -1 -1 -1 0 0 0 -1
564 0 0 100.18 6669.39 0.30916 0.0673761 21.8098 1 0 1 0.0064 -0.005964 -0.649983 -2.75259 1 0 0 66.0531
565 0 0 51.0742 2227.78 0.22631 0.0403185 9.27846 0 0 0 -1 -1 -1 -1 0 0 0 -1
566 0 0 104.597 7296.16 0.496454 0.0271362 24.8685 1 1 0 0.00534125 0.000017 8.39772 22.498 1 0 0 0.90678
567 0 0 115.486 8242.32 0.398742 0.0192056 29.8065 0 0 0 -1 -1 -1 -1 0 0 0 -1
568 0 0 154.586 15172 0.457556 0.00806271 34.7233 1 1 0 0.107256 0.000021 5.43217 0.014278 1 0 0 90.0926
569 0 0 108.273 8276.12 0.261553 0.0259875 19.8674 1 1 0 0.127806 -0.012514 -10.4772 -11.96 1 0 0 16.2391
570 1 0 0.203092 0.035611 0 1.02e-17 0.0522253 0 0 0 -1 -1 -1 -1 0 0 0 -1
571 1 0 0.190904 0.0316599 0 2.92e-16 0.0530025 0 0 0 -1 -1 -1 -1 0 0 0 -1
572 0 0 130.338 10298.3 0.211151 0.0344036 33.2757 1 0 1 0.0115563 -0.000001 -1.6944 -0.039056 1 0 0 98.7966
573 0 0 61.2449 2363.1 0.300077 0.0466474 19.9894 0 0 0 -1 -1 -1 -1 0 0 0 -1
574 0 0 187.261 21474.5 0.164945 0.0543978 50.4296 0 0 0 -1 -1 -1 -1 0 0 0 -1
575 1 0 0.173696 0.0260978 0 3.6e-16 0.0473395 0 0 0 -1 -1 -1 -1 0 0 0 -1
576 0 0 145.516 14376.8 0.227515 0.0316038 35.3027 0 0 0 -1 -1 -1 -1 0 0 0 -1
577 1 0 0.190904 0.0316599 0 2.92e-16 0.0530025 0 0 0 -1 -1 -1 -1 0 0 0 -1
578 1 0 0.158587 0.0222283 0 6.9e-16 0.041283 0 0 0 -1 -1 -1 -1 0 0 0 -1
579 0 0 68.4 3366.42 0.637657 0.0376168 20.626 1 1 0 0.164847 -0.000125 25.8614 -21.0908 1 0 0 98.5196
580 0 0 123.305 8582.66 0.391524 0.0299127 40.6152 1 1 0 0.152588 0.000023 1.72097 0.037678 1 0 0 79.6256
581 1 0 0.158587 0.0222283 0 6.9e-16 0.041283 0 0 0 -1 -1 -1 -1 0 0 0 -1
582 0 0 131.039 11196.5 0.145219 0.0215647 31.4576 0 0 0 -1 -1 -1 -1 0 0 0 -1
583 0 0 129.4 12437.7 0.322318 0.0490191 22.0257 0 0 0 -1 -1 -1 -1 0 0 0 -1
584 1 0 0.229356 0.0455335 0 2.68e-16 0.0583027 0 0 0 -1 -1 -1 -1 0 0 0 -1
585 1 0 0.173696 0.0260978 0 3.6e-16 0.0473395 0 0 0 -1 -1 -1 -1 0 0 0 -1
586 1 0 0.203092 0.035611 0 1.02e-17 0.0522253 0 0 0 -1 -1 -1 -1 0 0 0 -1
587 1 0 0.195921 0.0334394 0 6.1e-16 0.0543266 0 0 0 -1 -1 -1 -1 0 0 0 -1
588 0 0 87.5788 4279.65 0.753513 0.0232245 25.6164 1 1 0 0.308775 -0.000107 7.18749 22.5706 1 0 0 15.7091
589 0 0 55.4637 3267.81 0.25621 0.0188329 23.3021 0 0 0 -1 -1 -1 -1 0 0 0 -1
590 0 0 91.0115 5660.52 0.514328 0.0600769 28.4336 0 0 0 -1 -1 -1 -1 0 0 0 -1
591 1 0 47.5923 2395.5 0.101398 0.165442 19.4431 0 0 0 -1 -1 -1 -1 0 0 0 -1
592 0 0 149.28 11764.8 0.216135 0.0384363 47.919 1 1 0 0.25 -0.000232 1.7112 22.5611 1 0 0 11.9135
593 0 0 114.138 8203.27 0.287154 0.0449267 30.8944 1 1 0 0.249377 -0.011984 -44.5531 20.7879 0 0 1 37.8428
594 0 0 111.399 8213.16 0.234221 0.024687 28.4513 1 0 1 0.013279 3.36291 -3.67089 0.744314 1 0 0 22.5406
595 0 0 102.778 7327.17 0.371012 0.0549472 23.3949 0 0 0 -1 -1 -1 -1 0 0 0 -1
596 0 0 120.312 9093.1 0.214535 0.0337024 31.8062 1 0 1 0.1764 -0.000005 7.2624 -0.006002 1 0 0 95.2283
597 0 0 126.367 12198.6 0.145234 0.0129745 19.9335 0 0 0 -1 -1 -1 -1 0 0 0 -1
598 0 0 95.284 5675.4 0.373006 0.0223054 31.5195 1 1 0 0.131237 0.000018 2.55929 -22.4932 1 0 0 70.0665
599 0 0 162.177 15952.8 0.382228 0.114453 44.8126 1 0 1 0.018692 0.002209 -0.8474 4.19205 1 0 0 86.9775
600 0 0 32.8452 1925.74 0.190375 0.0874138 15.2399 0 0 0 -1 -1 -1 -1 0 0 0 -1
601 1 0 0.229361 0.0455264 0 2.69e-16 0.0582633 0 0 0 -1 -1 -1 -1 0 0 0 -1
602 0 0 106.779 7992.62 0.310354 0.0595271 24.9134 1 1 0 0.117878 -0.001669 -1.67585 -20.4522 1 0 0 95.8943
603 0 0 99.8414 6705.54 0.162824 0.0323379 23.5393 0 0 0 -1 -1 -1 -1 0 0 0 -1
604 0 0 152.224 13693.5 0.210937 0.0211795 41.0372 0 0 0 -1 -1 -1 -1 0 0 0 -1
605 0 0 123.148 10046.9 0.348373 0.0540315 27.1201 1 1 0 0.112854 0.000081 7.17062 22.3064 1 0 0 61.0734
606 0 1 201.25 26350.6 0 0.04728 43.8096 0 0 0 -1 -1 -1 -1 0 0 0 -1
607 1 0 0.195921 0.0334394 0 6.1e-16 0.0543266 0 0 0 -1 -1 -1 -1 0 0 0 -1
608 0 0 120.706 8123.15 0.449283 0.0764905 41.0666 0 0 0 -1 -1 -1 -1 0 0 0 -1
609 -1 -1 75.1143 4274.71 0.711279 0.0926864 14.1893 -1 -1 -1 -1 -1 -1 -1 -1 -1 -1 -1
610 0 -1 -1 -1 -1 -1 -1 -1 -1 -1 -1 -1 -1 -1 -1 -1 -1 -1
611 0 0 113.564 7846.37 0.42435 0.0344476 30.0816 1 1 0 0.21608 0.00002 -9.40784 -22.2133 1 0 0 58.4884
612 0 0 104.72 7021.6 0.399282 0.0311381 35.8805 0 0 0 -1 -1 -1 -1 0 0 0 -1
613 0 0 147.192 18677.5 0.0506213 0.0183141 11.6402 0 0 0 -1 -1 -1 -1 0 0 0 -1
614 0 0 122.641 8484.23 0.374071 0.110204 41.83 0 0 0 -1 -1 -1 -1 0 0 0 -1
615 0 0 107.309 7448.41 0.313337 0.0621289 34.7457 1 1 0 0.0220337 0.000013 5.92408 22.4731 0 0 1 46.0312
616 0 0 99.5217 6607.96 0.537402 0.0554628 28.702 1 1 0 0.0415226 2.73985 6.53104 27.6834 1 0 0 5.07422
617 0 0 84.4092 4985.82 0.140593 0.0351067 19.1038 1 1 0 0.1225 -0.000403 -2.68091 2.67755 1 0 0 97.9258
618 0 0 38.3387 1308.67 0.232031 0.201612 8.67117 0 0 0 -1 -1 -1 -1 0 0 0 -1
619 0 0 93.9022 5763.78 0.46567 0.0530813 30.9687 1 1 0 0.175941 0.070959 9.57284 22.756 0 1 0 13.035
620 0 0 118.412 10077.4 0.422154 0.0206822 21.4516 1 1 0 0.232806 -0.000014 -9.73285 4.92141 0 1 0 20.2467
621 1 0 0.190904 0.0316599 0 2.92e-16 0.0530025 0 0 0 -1 -1 -1 -1 0 0 0 -1
622 0 0 64.8838 2928.28 0.567761 0.0353988 16.7107 0 0 0 -1 -1 -1 -1 0 0 0 -1
623 0 0 95.5276 5445.13 0.238902 0.0414501 30.7246 1 0 1 0.0495063 0.217413 -3.50947 -4.62663 1 0 0 79.8857
624 1 0 0.190904 0.0316599 0 2.92e-16 0.0530025 0 0 0 -1 -1 -1 -1 0 0 0 -1
625 0 0 155.173 15299.7 0.0989257 0.0170231 35.7623 0 0 0 -1 -1 -1 -1 0 0 0 -1
626 1 0 0.229361 0.0455264 0 2.69e-16 0.0582633 0 0 0 -1 -1 -1 -1 0 0 0 -1
627 0 0 68.1262 3337.35 0.606606 0.0534136 19.3022 1 1 0 0.093025 -0.000017 0.36278 23.2099 1 0 0 22.0254
628 0 0 231.992 35190.8 0.150973 0.0115027 49.8904 0 0 0 -1 -1 -1 -1 0 0 0 -1
629 0 0 106.013 6868.91 0.279934 0.320637 31.2998 0 0 0 -1 -1 -1 -1 0 0 0 -1
630 1 0 0.190904 0.0316599 0 2.92e-16 0.0530025 0 0 0 -1 -1 -1 -1 0 0 0 -1
631 1 0 0.173696 0.0260978 0 3.6e-16 0.0473395 0 0 0 -1 -1 -1 -1 0 0 0 -1
632 0 0 115.66 7052.37 0.262401 0.0498623 43.4529 1 0 1 0.0324 -0.000057 -11.5491 -0.301522 1 0 0 85.2752
633 0 0 125.974 12809.5 0.382944 0.00732404 14.1643 0 0 0 -1 -1 -1 -1 0 0 0 -1
634 0 0 114.558 8808.74 0.403007 0.0920211 31.4718 0 0 0 -1 -1 -1 -1 0 0 0 -1
635 0 0 143.585 13595.2 0.613588 0.0294478 30.6895 0 0 0 -1 -1 -1 -1 0 0 0 -1
636 0 0 142.983 14219.5 0.454951 0.0123873 28.9996 0 0 0 -1 -1 -1 -1 0 0 0 -1
637 1 0 0.195921 0.0334394 0 6.1e-16 0.0543266 0 0 0 -1 -1 -1 -1 0 0 0 -1
638 0 0 92.759 5674.24 0.731173 0.0392661 23.1896 1 1 0 0.127211 0.831608 -4.23538 -44.9342 0 0 1 3.87878
639 0 0 51.8116 2056.18 0.255175 0.0619235 18.9086 1 1 0 0.1024 0.000021 2.06505 14.0529 1 0 0 94.1077
640 0 0 182.361 18709.8 0.464324 0.0627569 53.466 0 0 0 -1 -1 -1 -1 0 0 0 -1
641 0 0 127.799 10093.3 0.402047 0.161371 36.3728 0 0 0 -1 -1 -1 -1 0 0 0 -1
642 1 0 0.195921 0.0334394 0 6.1e-16 0.0543266 0 0 0 -1 -1 -1 -1 0 0 0 -1
643 0 0 157.507 12940.5 0.224624 0.0128712 52.6632 1 0 1 0.00585801 -0.329574 35.954 5.80843 0 1 0 2.47209
644 0 0 110.586 7852.32 0.292531 0.097094 27.5543 0 0 0 -1 -1 -1 -1 0 0 0 -1
645 0 0 124.406 9576.21 0.342547 0.022658 31.308 1 1 0 0.0441653 -0.000004 -9.87967 21.5053 1 0 0 45.387
646 0 0 115.085 8169.19 0.319441 0.0212649 33.1888 1 1 0 0.178426 0.058423 -2.29679 6.03128 1 0 0 83.8591
647 1 0 0.195921 0.0334394 0 6.1e-16 0.0543266 0 0 0 -1 -1 -1 -1 0 0 0 -1
648 1 0 0.229356 0.0455335 0 2.68e-16 0.0583027 0 0 0 -1 -1 -1 -1 0 0 0 -1
649 0 0 80.3772 4769.58 0.167581 0.0767289 42.1862 0 0 0 -1 -1 -1 -1 0 0 0 -1
650 -1 -1 156.639 14589 0.372523 0.135218 43.5944 -1 -1 -1 -1 -1 -1 -1 -1 -1 -1 -1
651 0 0 118.488 9228.41 0.19713 0.0660299 25.3433 1 0 1 0.0103149 -0.005528 0.419937 0.012547 1 0 0 24.3171
652 0 0 60.5313 3117.13 0.170116 0.181366 13.7219 0 0 0 -1 -1 -1 -1 0 0 0 -1
653 -1 -1 133.181 10697.6 0.592971 0.0298609 35.0419 -1 -1 -1 -1 -1 -1 -1 -1 -1 -1 -1
654 0 0 121.812 8575.73 0.148783 0.0925883 42.1724 0 0 0 -1 -1 -1 -1 0 0 0 -1
655 0 0 93.1869 6161 0.23111 0.047141 19.3897 0 0 0 -1 -1 -1 -1 0 0 0 -1
656 0 0 143.489 13842.4 0.313243 0.01354 30.4977 0 0 0 -1 -1 -1 -1 0 0 0 -1
657 0 0 166.318 12470.7 0.287607 0.0756131 72.6846 0 0 0 -1 -1 -1 -1 0 0 0 -1
658 0 0 105.659 7257.02 0.352438 0.0175928 22.3181 0 0 0 -1 -1 -1 -1 0 0 0 -1
659 0 0 143.188 15199.7 0.234005 0.0167382 21.9 1 1 0 0.1369 -0.010164 8.9652 -0.478179 1 0 0 96.0418
660 0 0 129.769 11424.4 0.276414 0.0241481 28.0318 1 1 0 0.0152111 0.000042 -2.49916 -5.23541 1 0 0 95.6952
661 1 0 0.173696 0.0260978 0 3.6e-16 0.0473395 0 0 0 -1 -1 -1 -1 0 0 0 -1
662 0 0 87.6704 4990.78 0.23452 0.0208552 22.7307 0 0 0 -1 -1 -1 -1 0 0 0 -1
663 0 0 219.591 32666.3 0.141751 0.0213095 44.9991 0 0 0 -1 -1 -1 -1 0 0 0 -1
664 1 0 0.229356 0.0455335 0 2.68e-16 0.0583027 0 0 0 -1 -1 -1 -1 0 0 0 -1
665 1 0 0.229361 0.0455264 0 2.69e-16 0.0582633 0 0 0 -1 -1 -1 -1 0 0 0 -1
666 0 0 100.595 6766.07 0.307151 0.0126044 19.7865 1 1 0 0.332544 3.57548 2.44263 2.90068 0 1 0 8.49455
667 0 1 138.805 13929.2 0 0.0439022 28.5742 0 0 0 -1 -1 -1 -1 0 0 0 -1
668 0 0 95.6552 5435.01 0.394057 0.0360657 28.4349 1 0 1 0.0716001 -0.000005 -6.34485 -15.0197 1 0 0 96.6289
669 0 0 167.809 17483.8 0.18548 0.0285275 40.5591 1 0 1 0.00966944 -0.000129 -3.80257 18.8798 1 0 0 69.6451
670 0 0 179.892 21379.4 0.140042 0.0253832 39.7477 1 1 0 0.0625 0.000019 9.55779 -13.8394 1 0 0 28.276
671 0 -1 -1 -1 -1 -1 -1 -1 -1 -1 -1 -1 -1 -1 -1 -1 -1 -1
672 0 0 174.474 20763.4 0.205076 0.0145758 34.1638 0 0 0 -1 -1 -1 -1 0 0 0 -1
673 1 0 0.173696 0.0260978 0 3.6e-16 0.0473395 0 0 0 -1 -1 -1 -1 0 0 0 -1
674 1 0 0.229361 0.0455264 0 2.69e-16 0.0582633 0 0 0 -1 -1 -1 -1 0 0 0 -1
675 0 1 83.6038 4250.44 0 0.0455876 33.6918 0 0 0 -1 -1 -1 -1 0 0 0 -1
676 1 0 0.229361 0.0455264 0 2.69e-16 0.0582633 0 0 0 -1 -1 -1 -1 0 0 0 -1
677 0 0 75.8818 4562.05 0.7408 0.0750886 15.6736 0 0 0 -1 -1 -1 -1 0 0 0 -1
678 0 0 82.7212 4430.61 0.16489 0.02559 24.394 1 1 0 0.123596 0.017215 2.7265 11.0345 0 1 0 75.236
679 0 0 87.2876 4921.21 0.283999 0.0914275 24.8901 1 1 0 0.0629762 0.001466 -7.06314 -19.5283 1 0 0 14.3922
680 1 0 0.190904 0.0316599 0 2.92e-16 0.0530025 0 0 0 -1 -1 -1 -1 0 0 0 -1
681 0 0 206.365 26080.8 0.0295808 0.0304609 54.9316 0 0 0 -1 -1 -1 -1 0 0 0 -1
682 0 0 38.4412 1301.09 0.289957 0.07775 5.24217 0 0 0 -1 -1 -1 -1 0 0 0 -1
683 0 0 167.201 16570.8 0.171247 0.0318545 45.0055 1 0 1 0.00379259 0.000405 5.84572 -0.002059 0 0 1 0.293657
684 0 0 170.579 21336.2 0.219521 0.016273 29.7732 0 0 0 -1 -1 -1 -1 0 0 0 -1
685 0 0 107.36 8304.72 0.64766 0.0362309 20.5648 1 1 0 0.0495758 -0.003282 -1.36424 -12.4156 0 0 1 9.46855
686 0 0 157.083 16238 0.130534 0.0188878 32.5684 1 1 0 0.0148028 2.94712 -11.5448 2.95504 0 1 0 88.7782
687 0 0 215.022 27599.8 0.129593 0.0317045 54.9678 0 0 0 -1 -1 -1 -1 0 0 0 -1
688 0 1 200.488 30269.8 0 0.0122469 29.0208 1 1 0 0.0376042 -0.00053 -4.70355 -0.118285 1 0 0 82.6839
689 0 0 124.864 8508.38 0.324865 0.0515858 38.943 0 0 0 -1 -1 -1 -1 0 0 0 -1
690 1 0 0.195921 0.0334394 0 6.1e-16 0.0543266 0 0 0 -1 -1 -1 -1 0 0 0 -1
691 0 0 84.1574 5017.63 0.691933 0.0332531 29.0009 1 1 0 0.264033 -0.00077 -0.224431 -10.5112 1 0 0 88.4174
692 0 0 78.6312 5121.79 0.136809 0.0517776 16.9599 0 0 0 -1 -1 -1 -1 0 0 0 -1
693 0 0 122.978 10758.4 0.658352 0.0211761 22.0753 0 0 0 -1 -1 -1 -1 0 0 0 -1
694 1 0 0.158587 0.0222283 0 6.9e-16 0.041283 0 0 0 -1 -1 -1 -1 0 0 0 -1
695 0 0 97.4441 5322.77 0.205033 0.074403 32.4498 1 1 0 0.0242204 -0.024471 -11.0175 -4.01955 1 0 0 61.3506
696 0 0 128.404 10994 0.347926 0.0495099 27.1439 0 0 0 -1 -1 -1 -1 0 0 0 -1
697 0 0 137.699 13409.4 0.428198 0.0296619 24.633 0 0 0 -1 -1 -1 -1 0 0 0 -1
698 1 0 0.190904 0.0316599 0 2.92e-16 0.0530025 0 0 0 -1 -1 -1 -1 0 0 0 -1
699 0 0 130.135 9585.01 0.293076 0.0417246 40.279 1 1 0 0.191406 -0.409219 13.3751 18.7621 0 1 0 46.7045
700 0 1 116.078 9166.43 0 0.0278 29.9195 1 1 0 0.0333062 0.000014 4.61092 -0.234801 1 0 0 8.35991
701 0 0 102.802 6439.86 0.187982 0.0840398 36.6084 0 0 0 -1 -1 -1 -1 0 0 0 -1
702 0 0 82.3996 4929.38 0.263379 0.0289846 17.8402 1 1 0 0.216225 0.008902 30.3802 -6.43204 0 0 1 5.86524
703 0 0 209.376 26109.9 0.0950695 0.144475 56.3284 0 0 0 -1 -1 -1 -1 0 0 0 -1
704 -1 -1 90.3963 5556.11 0.335281 0.0351804 20.6663 -1 -1 -1 -1 -1 -1 -1 -1 -1 -1 -1
705 0 0 127.164 9270.23 0.59744 0.0421801 36.4198 0 0 0 -1 -1 -1 -1 0 0 0 -1
706 0 0 58.1009 2540.11 0.296396 0.0586636 16.0564 1 1 0 0.0191038 10.104 -8.5607 0.163035 0 1 0 73.6405
707 0 0 135.006 10919.1 0.266946 0.086433 39.871 0 0 0 -1 -1 -1 -1 0 0 0 -1
708 0 0 44.7971 2308.42 0.108672 0.0996452 12.8312 0 0 0 -1 -1 -1 -1 0 0 0 -1
709 1 0 0.229356 0.0455335 0 2.68e-16 0.0583027 0 0 0 -1 -1 -1 -1 0 0 0 -1
710 0 0 83.6829 4588.92 0.434069 0.087641 20.399 1 1 0 0.01 -0.000063 -14.1928 -28.2366 1 0 0 3.95097
711 1 0 0.158587 0.0222283 0 6.9e-16 0.041283 0 0 0 -1 -1 -1 -1 0 0 0 -1
712 0 0 179.175 21414.7 0.265105 0.0549842 35.908 1 1 0 0.0553633 0.000019 -11.9357 -26.3856 1 0 0 87.2687
713 0 0 136.396 12539.2 0.130827 0.0158367 29.3159 1 1 0 0.148225 0.000017 1.76465 0.034951 1 0 0 98.3404
714 0 0 93.3412 5096.99 0.262401 0.0187364 27.1689 0 0 0 -1 -1 -1 -1 0 0 0 -1
715 1 0 0.190904 0.0316599 0 2.92e-16 0.0530025 0 0 0 -1 -1 -1 -1 0 0 0 -1
716 0 0 57.2611 2429.85 0.430434 0.113982 11.4904 1 0 1 0.00613611 -10.884 -0.182698 -1.56504 1 0 0 79.7913
717 0 1 85.4399 4636.52 0 0.0285088 23.4932 1 1 0 0.233611 0.000004 -6.64098 1.65587 1 0 0 93.6784
718 0 0 157.951 19106.3 0.421362 0.0231697 21.5454 0 0 0 -1 -1 -1 -1 0 0 0 -1
719 0 0 103.342 6716.48 0.519546 0.0334045 30.6165 1 1 0 0.329888 0.000023 -17.6437 -42.562 1 0 0 16.5285
720 1 0 0.158587 0.0222283 0 6.9e-16 0.041283 0 0 0 -1 -1 -1 -1 0 0 0 -1
721 1 0 0.173696 0.0260978 0 3.6e-16 0.0473395 0 0 0 -1 -1 -1 -1 0 0 0 -1
722 0 0 93.2949 5729.85 0.291481 0.0988062 23.5545 1 0 1 0.0251509 0.000015 -3.01339 12.6657 1 0 0 77.397
723 0 0 82.2805 4560.68 0.838271 0.0172853 19.2798 1 1 0 0.0625 8.76078 -0.033233 -0.527694 0 1 0 94.2949
724 0 0 61.2448 2608.22 0.557639 0.0429861 24.9867 0 0 0 -1 -1 -1 -1 0 0 0 -1
725 1 0 0.195921 0.0334394 0 6.1e-16 0.0543266 0 0 0 -1 -1 -1 -1 0 0 0 -1
726 0 0 103.941 6721.69 0.415218 0.0309582 29.8656 1 1 0 0.225625 -0.00001 8.85868 27.2179 0 1 0 73.2975
727 1 0 0.229356 0.0455335 0 2.68e-16 0.0583027 0 0 0 -1 -1 -1 -1 0 0 0 -1
728 0 0 172.133 21422.9 0.73866 0.02663 29.6081 0 0 0 -1 -1 -1 -1 0 0 0 -1
729 0 0 107.797 7278.72 0.248059 0.0393539 32.8674 1 1 0 0.157344 -0.000003 0.919464 -0.767616 1 0 0 21.6831
730 1 0 0.190904 0.0316599 0 2.92e-16 0.0530025 0 0 0 -1 -1 -1 -1 0 0 0 -1
731 0 0 112.918 8750.18 0.279848 0.0405385 23.2404 1 1 0 0.1681 -0.000002 3.73699 12.0789 1 0 0 95.364
732 1 0 0.229361 0.0455264 0 2.69e-16 0.0582633 0 0 0 -1 -1 -1 -1 0 0 0 -1
733 1 0 0.203092 0.035611 0 1.02e-17 0.0522253 0 0 0 -1 -1 -1 -1 0 0 0 -1
734 1 0 0.195921 0.0334394 0 6.1e-16 0.0543266 0 0 0 -1 -1 -1 -1 0 0 0 -1
735 0 0 92.9976 5779.91 0.204324 0.070302 32.185 1 1 0 0.0148275 0.000039 0.987877 -22.4343 1 0 0 6.42811
736 0 -1 -1 -1 -1 -1 -1 -1 -1 -1 -1 -1 -1 -1 -1 -1 -1 -1
737 0 0 102.505 8217.51 0.0566979 0.0220747 13.0863 0 0 0 -1 -1 -1 -1 0 0 0 -1
738 0 0 112.923 8148.95 0.160554 0.0205323 27.1672 1 1 0 0.177101 -0.000005 -15.3218 22.3586 1 0 0 97.9608
739 0 0 184.481 21406 0.199187 0.00724255 43.0813 0 0 0 -1 -1 -1 -1 0 0 0 -1
740 1 0 0.203092 0.035611 0 1.02e-17 0.0522253 0 0 0 -1 -1 -1 -1 0 0 0 -1
741 1 0 0.158587 0.0222283 0 6.9e-16 0.041283 0 0 0 -1 -1 -1 -1 0 0 0 -1
742 0 0 93.1512 6028.05 0.518128 0.0295628 18.4814 1 1 0 0.0210042 0.000007 0.583304 0.158586 1 0 0 98.2671
743 0 0 159.105 17029.2 0.22584 0.0162707 31.3187 0 0 0 -1 -1 -1 -1 0 0 0 -1
744 1 0 0.203092 0.035611 0 1.02e-17 0.0522253 0 0 0 -1 -1 -1 -1 0 0 0 -1
745 1 0 0.158587 0.0222283 0 6.9e-16 0.041283 0 0 0 -1 -1 -1 -1 0 0 0 -1
746 0 0 109.883 8267.7 0.650207 0.0221275 23.5998 1 1 0 0.247506 -0.000006 0.054968 2.10702 0 1 0 51.72
747 1 0 0.173696 0.0260978 0 3.6e-16 0.0473395 0 0 0 -1 -1 -1 -1 0 0 0 -1
748 0 0 84.6729 4948.5 0.355138 0.12605 25.2784 0 0 0 -1 -1 -1 -1 0 0 0 -1
749 1 0 0.203092 0.035611 0 1.02e-17 0.0522253 0 0 0 -1 -1 -1 -1 0 0 0 -1
750 1 0 0.229361 0.0455264 0 2.69e-16 0.0582633 0 0 0 -1 -1 -1 -1 0 0 0 -1
751 0 0 68.5284 3931 0.480598 0.0361179 28.0745 0 0 0 -1 -1 -1 -1 0 0 0 -1
752 1 0 0.173696 0.0260978 0 3.6e-16 0.0473395 0 0 0 -1 -1 -1 -1 0 0 0 -1
753 1 0 210.614 33293.5 0.17115 0.00103489 32.7285 0 0 0 -1 -1 -1 -1 0 0 0 -1
754 1 0 0.229356 0.0455335 0 2.68e-16 0.0583027 0 0 0 -1 -1 -1 -1 0 0 0 -1
755 0 0 110.181 7746.8 0.386853 0.0229527 28.2141 0 0 0 -1 -1 -1 -1 0 0 0 -1
756 0 0 82.3767 5160.39 0.419839 0.0598168 14.8273 0 0 0 -1 -1 -1 -1 0 0 0 -1
757 1 0 0.173696 0.0260978 0 3.6e-16 0.0473395 0 0 0 -1 -1 -1 -1 0 0 0 -1
758 0 0 78.9201 4037.96 0.455544 0.0720703 20.0383 0 0 0 -1 -1 -1 -1 0 0 0 -1
759 1 0 0.190904 0.0316599 0 2.92e-16 0.0530025 0 0 0 -1 -1 -1 -1 0 0 0 -1
760 0 0 139.341 10594.2 0.246587 0.0245466 46.4152 0 0 0 -1 -1 -1 -1 0 0 0 -1
761 0 0 162.724 18133.4 0.393005 0.0108066 30.8937 0 0 0 -1 -1 -1 -1 0 0 0 -1
762 1 0 0.158587 0.0222283 0 6.9e-16 0.041283 0 0 0 -1 -1 -1 -1 0 0 0 -1
763 0 0 141.632 11622.2 0.302278 0.0326797 39.8851 1 1 0 0.191406 0.000016 -10.3461 -20.9475 1 0 0 58.9296
764 0 0 100.857 6704.68 0.372243 0.0418695 28.4829 1 1 0 0.1225 -0.032096 -1.83755 -1.91819 1 0 0 95.6995
765 0 0 92.8235 5135.92 0.379721 0.0406453 38.1087 1 1 0 0.200256 -0.008853 -5.18907 14.0384 0 0 1 33.1712
766 0 0 71.7066 3665.24 0.631427 0.237075 21.2082 1 0 1 0.0337067 -0.000375 -1.82137 21.121 1 0 0 78.5575
767 0 0 81.0615 4440.08 0.454385 0.0825652 30.31 1 1 0 0.273006 -0.026669 -1.69728 -0.003879 1 0 0 28.0809
768 0 0 153.296 12782.9 0.636734 0.00698627 45.9653 0 0 0 -1 -1 -1 -1 0 0 0 -1
769 0 0 103.014 6331.97 0.399063 0.0732684 31.7884 1 1 0 0.087025 -0.000005 -0.022367 -23.2289 1 0 0 77.0022
770 0 0 115.623 7124.25 0.333702 0.115288 43.1158 1 1 0 0.048434 -0.090509 14.5865 0.021101 1 0 0 2.72604
771 0 0 160.776 16381.6 0.151654 0.0245348 37.2661 1 1 0 0.266944 0.000855 -5.27496 1.01252 1 0 0 60.9709
772 0 0 70.9572 3021.6 0.715003 0.0916821 22.4148 0 0 0 -1 -1 -1 -1 0 0 0 -1
773 0 0 33.0952 1071.48 0.318769 0.188309 8.31772 0 0 0 -1 -1 -1 -1 0 0 0 -1
774 0 0 86.815 5682.57 0.180654 0.0507751 18.2203 0 0 0 -1 -1 -1 -1 0 0 0 -1
775 0 0 106.233 6713.21 0.299213 0.0324183 32.5483 1 1 0 0.373457 0.000282 10.1648 -14.9355 1 0 0 39.3653
776 1 0 0.190904 0.0316599 0 2.92e-16 0.0530025 0 0 0 -1 -1 -1 -1 0 0 0 -1
777 0 0 84.2233 4673.83 0.340588 0.0432784 28.3595 1 0 1 0.0680529 0.030401 -6.79012 -0.013866 0 1 0 30.8951
778 1 0 0.229361 0.0455264 0 2.69e-16 0.0582633 0 0 0 -1 -1 -1 -1 0 0 0 -1
779 0 0 77.5819 3764.86 0.534597 0.0974752 26.3973 1 0 1 0.0667845 0.000013 0.830791 0.293238 1 0 0 55.8681
780 1 0 0.158587 0.0222283 0 6.9e-16 0.041283 0 0 0 -1 -1 -1 -1 0 0 0 -1
781 0 0 111.58 7930.23 0.588987 0.0199017 27.5653 0 0 0 -1 -1 -1 -1 0 0 0 -1
782 -1 -1 167.014 23376.5 0.0346018 0.037438 15.3437 -1 -1 -1 -1 -1 -1 -1 -1 -1 -1 -1
783 0 0 138.599 13546.8 0.516834 0.0247408 26.5755 0 0 0 -1 -1 -1 -1 0 0 0 -1
784 1 0 0.229356 0.0455335 0 2.68e-16 0.0583027 0 0 0 -1 -1 -1 -1 0 0 0 -1
785 0 0 63.566 3295.26 0.348476 0.051953 17.4743 1 1 0 0.2401 -6.13852 -8.57892 -5.85786 1 0 0 12.5088
786 0 0 98.4029 6214.93 0.563557 0.0376459 31.334 1 1 0 0.191406 0.01643 -1.84877 39.1069 0 1 0 22.3673
787 1 0 0.195921 0.0334394 0 6.1e-16 0.0543266 0 0 0 -1 -1 -1 -1 0 0 0 -1
788 0 0 109.709 7302.61 0.186257 0.0156337 31.4217 1 1 0 0.152588 -0.009089 -0.740734 -22.8124 1 0 0 19.696
789 1 0 0 0 0 0 0 0 0 0 -1 -1 -1 -1 0 0 0 -1
790 0 0 90.411 5171.62 0.50807 0.0977848 27.837 1 1 0 0.0160444 0.000134 -7.75919 -37.7194 1 0 0 10.2488
791 0 0 74.7089 3519.65 0.573302 0.0328947 18.5669 1 1 0 0.0560111 -0.000005 -1.21002 0.116175 1 0 0 94.0533
792 1 0 0.195921 0.0334394 0 6.1e-16 0.0543266 0 0 0 -1 -1 -1 -1 0 0 0 -1
793 0 0 140.09 11961.1 0.188096 0.0158963 39.8743 1 1 0 0.262656 0.000013 0.764656 0.007519 0 0 1 2.43128
794 0 0 149.739 13456 0.318585 0.0490671 38.8473 0 0 0 -1 -1 -1 -1 0 0 0 -1
795 1 0 0.229356 0.0455335 0 2.68e-16 0.0583027 0 0 0 -1 -1 -1 -1 0 0 0 -1
796 1 0 0.158587 0.0222283 0 6.9e-16 0.041283 0 0 0 -1 -1 -1 -1 0 0 0 -1
797 1 0 0.195921 0.0334394 0 6.1e-16 0.0543266 0 0 0 -1 -1 -1 -1 0 0 0 -1
798 0 0 136.018 14297.5 0.220605 0.0888643 20.2714 0 0 0 -1 -1 -1 -1 0 0 0 -1
799 0 0 100.747 7364.38 0.361845 0.0280556 17.7458 1 1 0 0.0114987 -0.042307 7.9538 0.351981 1 0 0 74.8332
800 0 0 45.1189 1473.52 0.473511 0.0216542 12.453 1 1 0 0.327488 -0.006168 -15.8872 -13.3401 1 0 0 42.2094
801 -1 -1 92.8708 5643.24 0.568799 0.0341793 23.4354 -1 -1 -1 -1 -1 -1 -1 -1 -1 -1 -1
802 0 0 129.058 9340.45 0.346019 0.0901814 41.9992 0 0 0 -1 -1 -1 -1 0 0 0 -1
803 0 -1 -1 -1 -1 -1 -1 -1 -1 -1 -1 -1 -1 -1 -1 -1 -1 -1
804 0 0 168.378 18230.5 0.368798 0.0243726 37.7966 1 1 0 0.00550842 4.61553 -21.4199 31.3471 0 1 0 34.7835
805 0 0 81.0253 5221.64 0.103644 0.00910458 10.2279 0 0 0 -1 -1 -1 -1 0 0 0 -1
806 0 0 177.716 26672.4 0.139515 0.0176594 15.4597 0 0 0 -1 -1 -1 -1 0 0 0 -1
807 0 0 142.161 15447.4 0.171067 0.0275709 20.4967 0 0 0 -1 -1 -1 -1 0 0 0 -1
808 0 0 103.848 7632.27 0.321964 0.0290959 19.907 1 1 0 0.436854 -0.000006 5.49865 0.189727 1 0 0 82.8707
809 0 0 143.515 12783.4 0.186534 0.0463288 36.0405 1 1 0 0.0064 26.7206 -4.84134 2.93251 1 0 0 0.462572
810 1 0 0.158587 0.0222283 0 6.9e-16 0.041283 0 0 0 -1 -1 -1 -1 0 0 0 -1
811 -1 -1 158.587 16711.8 0 0.0518912 35.3567 -1 -1 -1 -1 -1 -1 -1 -1 -1 -1 -1
812 0 0 204.094 31294.8 0.127566 0.0210549 30.6224 0 0 0 -1 -1 -1 -1 0 0 0 -1
813 0 0 120.006 8780.64 0.18744 0.0429185 31.3182 1 1 0 0.075625 -0.00008 -11.4495 -0.110839 1 0 0 0.476207
814 0 1 93.1133 5733.38 0 0.04138 31.4003 1 1 0 0.2916 -0.00005 -9.41211 -5.85042 1 0 0 33.0842
815 1 0 0.195921 0.0334394 0 6.1e-16 0.0543266 0 0 0 -1 -1 -1 -1 0 0 0 -1
816 0 0 127.594 10085.9 0.202671 0.0322627 33.0095 0 0 0 -1 -1 -1 -1 0 0 0 -1
817 0 0 68.8133 2913.69 0.604339 0.0248115 19.4245 1 1 0 0.20413 -0.000051 -3.09072 1.29181 1 0 0 60.2064
818 0 0 104.24 7331.56 0.31839 0.0744767 28.4836 1 1 0 0.033075 -0.000006 -0.481112 -0.000295 1 0 0 90.4727
819 0 0 139.986 11969 0.166652 0.0334054 38.6167 0 0 0 -1 -1 -1 -1 0 0 0 -1
820 1 0 0.229356 0.0455335 0 2.68e-16 0.0583027 0 0 0 -1 -1 -1 -1 0 0 0 -1
821 -1 -1 132.239 14001 0.129925 0.0601778 15.4794 -1 -1 -1 -1 -1 -1 -1 -1 -1 -1 -1
822 0 0 139.015 11431.6 0.230691 0.0342394 36.6817 1 1 0 0.3136 -0.310773 10.9959 0.505797 0 0 1 51.9287
823 0 0 93.3403 5409.98 0.666925 0.083294 31.9991 0 0 0 -1 -1 -1 -1 0 0 0 -1
824 0 0 136.12 11266.9 0.00238283 0.0353978 36.6392 1 1 0 0.557511 -0.000004 -9.3825 -4.42833 1 0 0 67.7622
825 1 0 0.229356 0.0455335 0 2.68e-16 0.0583027 0 0 0 -1 -1 -1 -1 0 0 0 -1
826 1 0 0.195921 0.0334394 0 6.1e-16 0.0543266 0 0 0 -1 -1 -1 -1 0 0 0 -1
827 0 0 91.5503 6186.87 0.412147 0.0849576 21.9181 1 1 0 0.029541 -0.000004 -2.61828 -0.013479 1 0 0 52.4317
828 0 0 109.045 7999.77 0.221539 0.0319345 25.6794 0 0 0 -1 -1 -1 -1 0 0 0 -1
829 -1 -1 119.826 7564.97 0.430445 0.0211114 41.629 -1 -1 -1 -1 -1 -1 -1 -1 -1 -1 -1
830 0 0 112.094 7978.25 0.266019 0.0445881 30.0936 0 0 0 -1 -1 -1 -1 0 0 0 -1
831 1 0 0.229356 0.0455335 0 2.68e-16 0.0583027 0 0 0 -1 -1 -1 -1 0 0 0 -1
832 0 0 145.3 13791.2 0.387308 0.0288853 32.8785 0 0 0 -1 -1 -1 -1 0 0 0 -1
833 1 0 0.229356 0.0455335 0 2.68e-16 0.0583027 0 0 0 -1 -1 -1 -1 0 0 0 -1
834 1 0 0.203092 0.035611 0 1.02e-17 0.0522253 0 0 0 -1 -1 -1 -1 0 0 0 -1
835 1 0 0.195921 0.0334394 0 6.1e-16 0.0543266 0 0 0 -1 -1 -1 -1 0 0 0 -1
836 0 0 118.648 9565.21 0.261088 0.0510545 24.045 1 1 0 0.0217563 0.075435 -16.5686 -13.8668 0 1 0 67.0809
837 1 0 0.173696 0.0260978 0 3.6e-16 0.0473395 0 0 0 -1 -1 -1 -1 0 0 0 -1
838 1 0 0.190904 0.0316599 0 2.92e-16 0.0530025 0 0 0 -1 -1 -1 -1 0 0 0 -1
839 0 0 111.349 9438.4 0.206554 0.0387655 17.6195 0 0 0 -1 -1 -1 -1 0 0 0 -1
840 1 0 0.173696 0.0260978 0 3.6e-16 0.0473395 0 0 0 -1 -1 -1 -1 0 0 0 -1
841 1 0 0.203092 0.035611 0 1.02e-17 0.0522253 0 0 0 -1 -1 -1 -1 0 0 0 -1
842 1 0 0.229361 0.0455264 0 2.69e-16 0.0582633 0 0 0 -1 -1 -1 -1 0 0 0 -1
843 1 0 0.195921 0.0334394 0 6.1e-16 0.0543266 0 0 0 -1 -1 -1 -1 0 0 0 -1
844 1 0 0.229356 0.0455335 0 2.68e-16 0.0583027 0 0 0 -1 -1 -1 -1 0 0 0 -1
845 1 0 0.203092 0.035611 0 1.02e-17 0.0522253 0 0 0 -1 -1 -1 -1 0 0 0 -1
846 1 0 0.158587 0.0222283 0 6.9e-16 0.041283 0 0 0 -1 -1 -1 -1 0 0 0 -1
847 1 0 0.229356 0.0455335 0 2.68e-16 0.0583027 0 0 0 -1 -1 -1 -1 0 0 0 -1
848 1 0 0.229356 0.0455335 0 2.68e-16 0.0583027 0 0 0 -1 -1 -1 -1 0 0 0 -1
849 0 0 74.3764 3876.74 0.319867 0.0404767 18.8855 0 0 0 -1 -1 -1 -1 0 0 0 -1
850 0 0 121.973 8698.59 0.244208 0.0382496 38.6441 1 1 0 0.192191 0.000349 -2.73875 0.055615 0 1 0 1.63385
851 1 0 0.190904 0.0316599 0 2.92e-16 0.0530025 0 0 0 -1 -1 -1 -1 0 0 0 -1
852 0 0 95.504 6510.6 0.448363 0.0649637 19.5299 0 0 0 -1 -1 -1 -1 0 0 0 -1
853 0 0 129.475 12239.6 0.387298 0.014459 22.7124 1 1 0 0.266944 -1.14831 -7.62318 -4.59475 1 0 0 34.41
854 0 0 39.4298 1493.17 0.206086 0.163937 12.3794 1 1 0 0.312027 0.999755 -2.81198 0.178022 1 0 0 13.8821
855 0 0 126.914 11600.2 0.322668 0.0259696 22.7892 1 0 1 0.269053 -1.03884 17.2028 1.25841 1 0 0 51.7233
856 1 0 0.229361 0.0455264 0 2.69e-16 0.0582633 0 0 0 -1 -1 -1 -1 0 0 0 -1
857 0 0 128.675 9893.65 0.203823 0.08619 33.9832 0 0 0 -1 -1 -1 -1 0 0 0 -1
858 1 0 0.229361 0.0455264 0 2.69e-16 0.0582633 0 0 0 -1 -1 -1 -1 0 0 0 -1
859 1 0 0.195921 0.0334394 0 6.1e-16 0.0543266 0 0 0 -1 -1 -1 -1 0 0 0 -1
860 1 0 0.195921 0.0334394 0 6.1e-16 0.0543266 0 0 0 -1 -1 -1 -1 0 0 0 -1
861 0 -1 -1 -1 -1 -1 -1 -1 -1 -1 -1 -1 -1 -1 -1 -1 -1 -1
862 1 0 0.229361 0.0455264 0 2.69e-16 0.0582633 0 0 0 -1 -1 -1 -1 0 0 0 -1
863 0 -1 -1 -1 -1 -1 -1 -1 -1 -1 -1 -1 -1 -1 -1 -1 -1 -1
