id rted avgrted faved avgfaved
1 0.00185414 0.00185414 0.00463535 0.00648949
3 0.425202 0.895096 0.662322 1.34389
4 0.0229299 0.0305732 0.0335456 0.0390658
5 0.0186916 0.0186916 0.0373832 0.0373832
6 0.018695 0.021261 0.0267595 0.0300587
7 0 0 0 0
9 0.037299 2.79904 0.0659164 0.115434
10 0.0280273 0.0395257 0.0887531 0.132591
11 0.0215517 0.0258621 0.163793 0.198276
12 0.173607 0.936657 0.278006 1.88211
13 0.075 0.102823 0.319355 0.46371
14 0.00744186 0.00837209 0.00139535 0.00186047
15 0 0 0 0
16 0.160044 0.294568 0.462268 2.72986
17 0 0 0.046875 0.046875
18 0.0446215 0.0549801 0.227092 0.317928
19 0.0700483 0.0901771 0.162641 0.191224
20 0.0183891 0.0327326 0.0680397 0.104818
21 0.0499729 0.0624211 0.0902039 0.108245
22 0.021757 0.0275041 0.0168309 0.0184729
23 0.0719318 0.0904709 0.344457 0.472006
24 0.000427168 0.000427168 0.00213584 0.00213584
25 0.163061 0.375801 0.0945513 0.161458
26 0.0285285 0.0566817 0.147898 0.266141
27 0 0 0.173913 0.26087
28 0.00225989 0.00225989 0.00338983 0.00338983
29 0.0160498 0.0196528 0.0913855 0.120537
30 0 0 0.00462963 0.0185185
31 0.00448431 0.00448431 0.00448431 0.00448431
32 0.0691443 0.0812446 0.181504 0.226448
33 0.0592908 0.0947518 0.50156 0.732766
35 0.0384615 0.0384615 0.0576923 0.0769231
36 0.0100883 0.0100883 0.0132409 0.0132409
37 0.00894632 0.0109344 0.0139165 0.0149105
38 0.0118704 0.0137953 0.0311197 0.0384986
39 0.00967644 0.0130027 0.0589658 0.0792259
40 0.023569 0.03367 0.0617284 0.0875421
42 0.00929189 0.0115348 0.0105735 0.0108939
43 0.0326128 0.0758438 0.118316 0.197952
46 0.0314465 0.106918 0.0314465 0.0377358
47 0.010101 0.010101 0.010101 0.010101
48 0.00221729 0.00221729 0.00221729 0.00665188
49 0.0175377 0.019993 0.0582252 0.0719046
50 0.0259553 0.0295602 0.0814708 0.114636
51 0.156805 0.190993 0.142012 0.170283
52 0.00161551 0.00161551 0.00323102 0.00323102
53 0.0165652 0.025355 0.0530764 0.0642326
54 1 1 0 0
55 0.050505 0.113356 0.026936 0.0347924
56 0 0 0 0
57 0.00738007 0.00738007 0.0295203 0.0332103
58 0.0266667 0.0330667 0.0112 0.0128
59 0 0 0 0
60 0.15407 0.223837 0.223837 0.322674
61 0.0258276 0.0316479 0.0742088 0.0862132
62 0.00365935 0.00432468 0.0156354 0.0166334
63 0.0106145 0.0122905 0.00614525 0.00782123
64 0.00571429 0.0137143 0.00457143 0.00457143
65 0 0 0 0
66 0.00298507 0.00464345 0.0205638 0.0215589
67 0.0381323 0.0416342 0.126848 0.142802
68 0.00562193 0.00632467 0.252284 0.689389
69 0.012333 0.0174717 0.00308325 0.00308325
70 0 0 0.0588235 0.0588235
71 0.0317303 0.0361924 0.0381755 0.0480912
73 0.0871287 0.194554 0.227723 0.382178
74 0.000547046 0.000547046 0.023523 0.023523
75 0.00738397 0.00949367 0.0298875 0.0344585
76 0.0227273 0.0454545 0 0
78 0.011194 0.011194 0.0298507 0.0298507
79 0.00120555 0.00120555 0.0289331 0.0295359
80 0 0 0 0
81 0.0546835 0.0865823 0.279494 0.407089
82 0.015412 0.0237107 0.0112626 0.0118554
84 0 0 0 0
85 0.853967 10.3537 0.955028 25.0045
86 0.00672646 0.0086483 0.0176169 0.0217809
87 0.0285714 0.0285714 0.0571429 0.0571429
88 0.00669643 0.00797194 0.0229592 0.0267857
90 0.0102389 0.0102389 0.0136519 0.0136519
92 0.0487303 0.0919698 0.109128 0.221002
94 0 0 0.1 0.1
95 0 0 0.4 0.6
97 0.0469903 0.0590291 0.20932 0.284272
98 0.100958 0.383879 0.274541 0.518755
99 0.019945 0.0330124 0.062586 0.0900963
101 0.0329949 0.0423012 0.037225 0.0439932
102 0 0 0 0
103 0.0585347 0.0728852 0.197885 0.262462
104 0 0 0 0
105 0.0135135 0.018018 0.0315315 0.036036
106 0 0 0 0
107 0.0701307 0.120497 0.185528 0.273829
108 0.00539169 0.00570885 0.0183952 0.0275928
109 0.0162162 0.0216216 0.0540541 0.113514
112 0.00740164 0.0077912 0.0167511 0.0186989
114 0.01344 0.01536 0.03488 0.0416
115 0.0295203 0.0295203 0.0221402 0.0295203
116 0.0388991 0.0521101 0.264587 0.34789
117 0.0365395 0.0440623 0.0601827 0.0634068
118 0.028777 0.049332 0.0462487 0.0914697
120 0.113636 0.1875 0.0738636 0.0795455
121 0.00564972 0.00564972 0.00322841 0.00322841
122 0.0156815 0.0229192 0.0470446 0.0977081
124 0.0849335 0.161743 0.368538 0.693501
125 0.0155902 0.0155902 0.0623608 0.0734967
126 0.030837 0.0543319 0.0190896 0.0367107
127 0 0 0.0377358 0.0377358
131 0.5 1 0 0
132 0.142857 0.142857 0.571429 1
133 0.0111111 0.0111111 0 0
134 0 0 0 0
135 0.0228102 0.0282847 0.0638686 0.0921533
136 0 0 0 0
137 0.0087321 0.00908138 0.00838281 0.00908138
138 0.11744 1.12256 0.36768 1.69568
139 0.00592334 0.00731707 0.00522648 0.00766551
140 0.00180914 0.00226142 0.0085934 0.0104025
141 0 0 0.0384615 0.0384615
143 0.0292276 0.0334029 0.0354906 0.0386221
144 0 0 0 0
145 0 0 0 0
146 0 0 0 0
147 0.0131004 0.0305677 0.0131004 0.0174672
148 0.0534954 0.378723 0.330091 0.835258
150 0 0 0 0
151 0 0 0 0
152 0.00366972 0.00733945 0.00550459 0.00550459
153 0.0121951 0.0121951 0.0243902 0.0365854
154 0.103448 0.103448 0.0689655 0.0689655
158 0.0070922 0.0070922 0.0638298 0.0851064
159 0.045045 0.104104 0.046046 0.0680681
160 0 0 0 0
161 0.00129983 0.012565 0.00129983 0.00129983
162 0.0431212 0.0472279 0.318275 0.36345
163 0.0149254 0.0170576 0.021322 0.021322
165 0 0 0 0
166 0 0 0 0
167 0 0 0 0
169 0.0428571 0.0428571 0.0285714 0.0428571
170 0.0207254 0.0310881 0.0621762 0.160622
171 0 0 0.181818 0.181818
172 0.00662252 0.00662252 0.00662252 0.00662252
174 0 0 0 0
175 0.00729927 0.00729927 0.00729927 0.00729927
176 0.0689655 0.0689655 0.413793 0.448276
177 0.115352 0.147159 0.620017 1.24215
178 0.181818 0.246753 0.155844 0.220779
179 0 0 0 0
181 0.0437424 0.0583232 0.0959903 0.120292
182 0.242424 0.772727 0.102273 0.314394
183 0.0594121 0.0900563 0.488743 1.0172
186 0 0 0 0
187 0.0759494 1.05485 0.130802 0.409283
188 0 0 0.0909091 0.0909091
189 0.00598802 0.00598802 0.0329341 0.0359281
190 0.021021 0.0307808 0.015015 0.0165165
191 0.00229358 0.00229358 0.00458716 0.00917431
192 0.0289667 0.0332901 0.0639862 0.0795504
193 0.0380952 0.0666667 0.0285714 0.0666667
196 0.00914077 0.0127971 0.129799 0.151737
197 0.136451 0.411765 0.185632 0.923819
198 0.00247525 0.00247525 0.00495049 0.00495049
199 0 0 0 0
200 0.0851064 0.0851064 0.361702 0.510638
202 0.00268817 0.00268817 0.00806452 0.0094086
203 0 0 0.0307692 0.0307692
204 0.2 0.2 0 0
205 0 0 0 0
206 0 0 0 0
207 0 0 0 0
208 0.0586056 0.0697204 0.0653419 0.0902661
209 0.5 0.5 0 0
210 0 0 0 0
211 0.0961538 0.0961538 0.0192308 0.0192308
212 0.00263158 0.00263158 0.00921053 0.00921053
213 0 0 0.0344828 0.0689655
214 0 0 0 0
215 0.0549451 0.0769231 0.428571 0.648352
218 0.0229885 0.0287356 0.0344828 0.0517241
219 0.0238569 0.0318091 0.0516899 0.0636183
220 0.0344828 0.0344828 0.206897 0.224138
221 0 0 0 0
222 0.0833333 0.139493 0.184783 0.302536
223 0 0 0 0
224 0.0294118 0.0441176 0 0
225 0.0124417 0.0186625 0.0404355 0.0653188
227 0.139535 0.139535 0.244186 0.27907
228 0.0207641 0.0278239 0.187292 0.293605
229 0 0 0.012987 0.012987
230 0 0 0 0
231 0.0252951 0.0269815 0.0590219 0.0809444
232 0 0 0 0
233 0.0124849 0.0149013 0.0434958 0.0559807
235 0.333333 0.333333 0 0
236 0 0 0.0135135 0.0135135
237 0.0296988 0.0364871 0.100127 0.123886
238 0.0432692 0.0669379 0.139423 0.198595
239 0.0145615 0.0172706 0.0230274 0.0250593
240 0 0 0 0
241 0 0 0.0672269 0.0672269
242 0.0689655 0.0689655 0 0
243 0.1 0.2 0 0
244 0.000824402 0.000824402 0.00824402 0.0115416
245 0 0 0.5 0.5
246 0.028777 0.375899 0.0923261 0.154077
247 0 0 0.142857 0.142857
248 0 0 0 0
249 0.00515464 0.00515464 0.0360825 0.0360825
250 0.0037037 0.0037037 0.0407407 0.0444444
251 0 0 0.2 0.4
252 0.00287356 0.00287356 0.0114943 0.0114943
253 0 0 0 0
254 0.25 0.25 0.5 0.5
255 0.0337931 0.0368966 0.02 0.0213793
256 0.0166976 0.0222635 0.0204082 0.0204082
257 0 0 0.0108696 0.0108696
258 0.0214286 0.0285714 0.0214286 0.0214286
259 0.024277 0.0585505 0.0521242 0.0564084
261 0.141746 0.225583 0.117545 0.162489
262 0.0192837 0.0247934 0.145317 0.17562
264 0.019948 0.0212489 0.00346921 0.00346921
265 0.00615385 0.00615385 0.00153846 0.00153846
266 0.111111 0.123457 0.197531 0.259259
267 0 0 0.031746 0.031746
269 0.0416667 0.0416667 0.291667 0.291667
270 0.119862 0.19775 0.243617 0.387278
271 0.0333333 0.0353535 0.186869 0.247475
272 0.0282039 0.0831272 0.0366155 0.0974765
273 0.0311778 0.039261 0.174365 0.210162
274 0 0 0.3 0.3
275 0.146341 0.390244 0.341463 0.634146
276 0.160136 0.267462 0.144804 0.29983
277 0.0133929 0.0178571 0.0401786 0.0446429
279 0.0519481 0.0519481 0.012987 0.012987
280 0 0 0 0
281 0 0 0.00546448 0.010929
282 0 0 0 0
283 0.0776204 0.124079 0.215297 0.30255
284 0.0045045 0.00600601 0.0045045 0.00750751
285 0 0 0 0
287 0 0 0 0
289 0 0 0 0
290 0.00153257 0.00153257 0.0199234 0.0229885
291 0 0 0.0454545 0.0909091
293 0.00996678 0.013289 0.00332226 0.00332226
294 0 0 0 0
295 0.234228 0.62953 0.0248322 0.0268456
296 0 0 0.00719424 0.00719424
297 0.111969 0.118404 0.0990991 0.108108
298 0.152239 0.653731 0.331343 1.05672
299 0.12 0.2 0.2 0.2
300 0 0 0.0164835 0.0164835
301 0.0569878 0.101764 0.103121 0.204885
303 0.0785791 0.368855 0.382849 1.03122
304 0 0 0 0
305 0 0 0 0
306 0 0 0 0
307 0.00425532 0.00425532 0.00425532 0.00425532
308 0.0178218 0.0178218 0.0138614 0.0138614
309 0.000511771 0.000511771 0.0087001 0.0087001
310 0.146067 0.191011 0.0337079 0.0337079
311 0.00337838 0.00337838 0.0101351 0.0101351
312 0.2 0.2 0.1 0.1
313 0 0 0 0
314 0.0189509 0.0216582 0.23181 0.274112
315 0.0309973 0.0363881 0.0606469 0.0781671
316 0.0350877 0.0508772 0.00701754 0.00701754
317 0.0257152 0.0366442 0.331083 0.522019
319 0.0463576 0.0728477 0.0198676 0.0198676
320 0 0 0 0
321 0.383877 0.808919 0.344768 0.594511
322 0.0595918 0.0722449 0.139592 0.183265
323 0.0107784 0.0107784 0.0107784 0.011976
325 0 0 0.0162866 0.0162866
326 0 0 0.027027 0.216216
327 0.666667 0.666667 0.666667 1.66667
328 0.00775623 0.00886427 0.0132964 0.0132964
329 0 0 0 0
330 0 0 0 0
331 0.030303 0.0606061 0.10101 0.242424
332 0 0 0 0
333 0 0 0 0
334 0.0298507 0.0298507 0.208955 0.268657
335 0.012931 0.012931 0.00646552 0.00862069
336 0.0238249 0.0264005 0.202833 0.241468
339 0.0396825 0.0396825 0.134921 0.150794
340 0.0204082 0.0204082 0.0816327 0.0816327
341 0.0698795 0.103614 0.421687 0.742972
343 0 0 0 0
344 0.0272109 0.0294785 0.00907029 0.0181406
345 0.099934 0.122032 0.146108 0.176121
346 0.0198676 0.0264901 0.013245 0.0198676
347 0.0101943 0.0140172 0.070086 0.096209
348 0.340918 1.1259 0.442169 1.11566
349 0.0260563 0.0415493 0.0556338 0.0760563
350 0.333333 0.666667 0.333333 0.666667
351 0.00918197 0.0100167 0 0
352 0.0492498 0.0828441 0.157534 0.214938
354 0.106888 0.165083 0.530879 1.46318
355 0.00714286 0.00714286 0 0
356 0.0329053 0.0385233 0.0521669 0.05939
357 0.0411765 0.0529412 0.1 0.176471
359 0.0257069 0.0308483 0.059126 0.0745501
360 0.0909091 0.136364 0.227273 0.272727
361 0.0275945 0.0323935 0.109178 0.134373
363 0 0 0 0
364 0 0 0 0
365 0 0 0.0344828 0.103448
366 0.0117647 0.0117647 0.0117647 0.0235294
367 0.00419626 0.00484183 0.00548741 0.00710136
369 0 0 0 0
370 0 0 0 0
371 0.0687204 0.106635 0.0627962 0.0888626
372 0 0 0 0
373 0.037037 0.041868 0.0724638 0.0933977
374 0.000883392 0.000883392 0.00176678 0.00176678
375 0.0491803 0.0819672 0.131148 0.131148
377 0 0 0 0
378 0 0 0 0
379 0.0305768 0.0396108 0.463516 0.625434
380 0.0241449 0.0254863 0.0415828 0.0435949
381 0 0 0.0789474 0.184211
382 0.0172414 0.0172414 0.0344828 0.0344828
383 0.0549451 0.0549451 0.0549451 0.0549451
384 0.333333 0.333333 0.5 0.5
385 0.0588235 0.0588235 0 0
386 0.0355769 0.0495192 0.100481 0.166827
387 0.0480592 0.0672828 0.00295749 0.00295749
388 0.0444444 0.0666667 0.977778 1.02222
389 0.00740741 0.00740741 0.0148148 0.0148148
390 0 0 0 0
391 0.00935673 0.00935673 0.0269006 0.0292398
393 0 0 0 0
394 0.0784314 0.107843 0.107843 0.117647
395 0.0819434 0.173314 0.121827 0.213198
396 0.0893536 0.106464 0.171103 0.226236
397 0.0296684 0.144852 0.17452 0.38918
398 0.000932836 0.00186567 0.00373134 0.00373134
399 0.0149254 0.0149254 0.0149254 0.0149254
400 0.0256588 0.10957 0.0180305 0.0235784
402 0 0 0 0
403 0.134437 0.234291 0.168047 0.249878
404 0.025641 0.040293 0.03663 0.047619
405 0.0714286 0.0714286 0 0
406 0.0179283 0.0179283 0.0816733 0.0936255
407 0.00877193 0.0263158 0.0350877 0.157895
408 0 0 0 0
409 0.0574163 0.0669856 0.0574163 0.0574163
413 0.0243309 0.026764 0.00973236 0.00973236
414 0.135816 0.199343 0.135268 0.162651
415 0.018598 0.018598 0.0786838 0.0872675
416 0.0978723 0.15461 0.0992908 0.134752
417 0.114754 0.163934 0.0819672 0.147541
418 0.150838 8.68715 0.145251 3.04469
419 0 0 0 0
420 0.00681044 0.00756716 0.0287552 0.0317821
423 0.333333 0.444444 0.277778 0.388889
424 0.0811789 0.127198 0.0780765 0.104964
425 0.0196281 0.0309917 0.0134298 0.0196281
426 0.0555556 0.111111 0.0555556 0.0555556
427 0.0266667 0.0344444 0.124444 0.151852
428 0.0181936 0.0188434 0.0188434 0.0246914
430 0.153675 0.200445 0.158129 0.22049
432 0.0253968 0.0380952 0.155556 0.193651
433 0.0111732 0.0167598 0.128492 0.167598
434 0 0 0 0
435 0.0477387 0.0565327 0.173367 0.302764
441 0.0148148 0.0148148 0.0259259 0.0333333
442 0.0175439 0.0175439 0.210526 0.22807
443 0.5 0.5 0 0
445 0.0199934 0.0268764 0.253687 0.362176
447 0 0 0 0
448 0.00790639 0.00917141 0.0512334 0.0616698
449 0.0712401 0.0844327 0.113456 0.124011
450 0.0780201 0.090604 0.189597 0.233221
451 0.0855019 0.171004 0.0817844 0.107807
452 0.0567958 0.0695995 0.632633 0.997702
453 0.0209102 0.0279828 0.144526 0.174047
454 0.0786241 0.0884521 0.100737 0.115479
455 0.428571 0.571429 0.571429 1
456 0.0100719 0.0115108 0.0633093 0.0820144
457 0 0 0.25 0.25
459 0 0 0.277778 0.347222
460 0 0 0.25 0.25
461 0.0895141 0.172634 0.351662 0.797954
462 0.0904096 0.112388 0.388611 0.643856
464 0 0 0.0357143 0.0357143
465 0.0909091 0.181818 0 0
466 0.040724 0.0542986 0.0904977 0.108597
467 0.0315789 0.0315789 0.221053 0.221053
468 0.0466258 0.0650307 0.0527607 0.0613497
470 0 0 0.166667 0.166667
471 0.094195 0.117196 0.303395 0.447974
473 0 0 0 0
474 0.104348 0.104348 0.228986 0.301449
475 0 0 0 0
476 0.0221402 0.0627306 0.0405904 0.110701
477 0.0451467 0.0451467 0.0541761 0.0632054
478 0.0572161 0.0824082 0.100769 0.124253
479 0 0 0.017199 0.027027
480 0.0769231 0.153846 0 0
482 0.003125 0.003125 0.003125 0.003125
483 0 0 0.5 0.5
485 0.145112 0.239369 0.40377 0.746602
486 0 0 0.0769231 0.0769231
489 0.0952381 0.125 0.136905 0.202381
490 0.333333 0.333333 0.333333 0.333333
491 0.0508475 0.0508475 0.118644 0.169492
492 0.00216685 0.00216685 0.0119177 0.0119177
493 0.184438 0.363112 0.455331 0.766571
494 0.0325917 0.0388593 0.208712 0.263554
495 0 0 0.0243902 0.0243902
496 0.012987 0.012987 0 0
498 0.153846 0.230769 0.0769231 0.461538
499 0.027027 0.0540541 0.108108 0.108108
500 0.0274412 0.031005 0.0876693 0.0983607
501 0.0625 0.0625 0.0625 0.0625
503 0 0 0.0555556 0.0555556
504 0.0909091 0.118182 0.127273 0.181818
505 0 0 0 0
506 1 31.6792 1 41.9057
507 0 0 0 0
508 0.125 0.25 0.1875 0.375
509 0.0527578 0.0623501 0.196643 0.247002
510 0.0789474 0.131579 0.0526316 0.105263
512 0.0857143 0.104762 0.180952 0.238095
514 0 0 0 0
515 0.0322581 0.0322581 0.0645161 0.0967742
516 0.0296296 0.0296296 0.214815 0.340741
518 0 0 0 0
519 0 0 0 0
520 0.0766017 0.0784587 0.258124 0.271588
521 0.0187032 0.0187032 0.0735661 0.0872818
522 0.0967742 0.0967742 0.225806 0.322581
523 0.00671141 0.0134228 0.0402685 0.208054
524 0.0196078 0.0196078 0.0196078 0.0196078
525 0 0 0.0196078 0.0196078
526 0 0 0.0573248 0.0636943
527 0 0 0 0
528 0.0245399 0.0245399 0.0368098 0.0368098
529 0.106274 0.143406 0.0870679 0.116517
531 0.182146 0.243012 0.450406 0.671776
533 0 0 0.2 0.2
535 0 0 0 0
536 0.0477816 0.0546075 0.129693 0.174061
537 0.0207715 0.0222552 0.0118694 0.0118694
538 0.390625 0.476562 0.539062 0.828125
539 0.242746 0.325296 0.771148 2.34491
540 0.0444444 0.0444444 0.0666667 0.0666667
542 0.222099 0.36485 0.534668 1.1535
543 0.00943396 0.00943396 0.0166482 0.0166482
544 0.25 0.25 0.25 0.25
545 0.0384615 0.0384615 0.192308 0.192308
546 0 0 0.0204082 0.0204082
547 0.159091 0.233182 0.641818 1.99409
549 0.0397246 0.0635593 0.23464 0.410752
550 0 0 0 0
551 0.0123457 0.0493827 0.0123457 0.0123457
552 0 0 0.00607903 0.00607903
553 0.00719424 0.0143885 0.00359712 0.00359712
554 0 0 0 0
555 0 0 0.05 0.05
556 0 0 0 0
557 0 0 0 0
559 0.0157729 0.0189274 0.0930599 0.108833
561 0.129094 0.16185 0.196532 0.242775
562 0.0263158 0.0526316 0.0789474 0.131579
563 0.268692 1.62757 0.53785 2.89673
565 0.00598802 0.00598802 0.011976 0.0149701
566 0.0201342 0.0380313 0.217002 0.295302
567 0 0 0.25 0.25
568 0.0180755 0.02605 0.0419989 0.0473153
570 0.0126582 0.0126582 0 0
572 0.116904 0.14297 0.462085 0.799368
573 0.012987 0.012987 0.116883 0.155844
574 0.26087 0.275362 0.0144928 0.0869565
575 0 0 0 0
576 0 0 0.4 0.466667
578 1 1 0 0
579 0.0330033 0.0330033 0.425743 0.663366
580 0.0259259 0.0296296 0.162963 0.188889
581 0 0 0 0
585 0 0 0 0
586 0.00214592 0.00214592 0.00429185 0.00429185
587 0 0 0 0
588 0.0213904 0.0227273 0.0441176 0.0668449
589 0.0294118 0.0294118 0.117647 0.132353
590 0.0952381 0.340659 0.494505 0.992674
591 0.0869565 0.478261 0.0869565 0.391304
592 0.0169492 0.0305085 0.0237288 0.0322034
593 0.143267 0.239856 0.504129 1.36481
594 0.1875 0.1875 0.125 0.125
595 0.10684 0.853094 0.269055 1.07427
596 0.0376999 0.0430312 0.24524 0.309596
598 0.1 0.1 0 0
599 0.0146751 0.0146751 0.0366876 0.0387841
600 0.0508982 0.194611 0.269461 0.949102
602 0.0395083 0.0430202 0.316067 0.399473
603 0.030303 0.030303 0 0
604 0.0916031 0.0992366 0.167939 0.236641
605 0 0 0 0
606 0.0161943 0.0167727 0.0451128 0.0468479
608 0.0310078 0.0542636 0.24031 0.627907
609 0.0577367 0.103926 0.161663 0.228637
611 0.0252874 0.045977 0.17931 0.225287
612 0 0 0 0
613 0 0 0 0
614 0.0625 0.0833333 0.1875 0.25
615 0 0 0.5 0.5
616 0 0 0 0
617 0.0702576 0.0936768 0.522248 0.983607
618 0.0378378 0.0378378 0.210811 0.259459
620 0.094722 0.121583 0.467955 0.713949
621 0 0 0.142857 0.142857
622 0 0 0 0
625 0 0 0 0
626 0.153846 0.153846 0 0
627 0 0 0.0625 0.0625
628 0 0 0 0
629 0.0149254 0.0149254 0.164179 0.164179
630 0 0 0 0
632 0 0 0.428571 0.571429
633 0.173438 0.334375 0.407813 0.669531
634 0 0 0 0
635 0.0155779 0.0190955 0.0643216 0.0733668
636 0 0 0.0454545 0.0454545
637 0 0 0 0
638 0.0101351 0.0540541 0.0675676 0.114865
639 0.0257511 0.0257511 0.0386266 0.0472103
640 0.0227273 0.0227273 0.0227273 0.0227273
641 0.0310263 0.0644391 0.0763723 0.0906921
643 0.111111 0.111111 0 0
645 0 0 0.333333 0.333333
646 0 0 0.666667 0.666667
649 0.00725806 0.0193548 0.0330645 0.0435484
650 0.00610687 0.00648855 0.00496183 0.00572519
651 0.3125 0.5625 0.75 1.25
652 0.278196 0.496241 0.383459 1.03008
653 0.0274424 0.0362239 0.172887 0.218441
654 0.1 0.1 0.2 0.3
656 0.0222222 0.0222222 0.0222222 0.0222222
657 0.0204082 0.0306122 0.0714286 0.0765306
658 0.0347594 0.040107 0.0481283 0.0561497
659 0 0 0 0
660 0.0532544 0.0650888 0.183432 0.213018
662 0 0 0.5 0.5
664 0 0 0 0
665 0 0 0 0
666 0 0 0.0123457 0.0123457
667 0.0441718 0.0631902 0.0852761 0.104294
668 0 0 0 0
669 0.05 0.075 0 0
670 0.0645161 0.0967742 0.0645161 0.0645161
671 0.0203252 0.0223577 0.138211 0.184959
672 0.181474 0.324211 0.360421 0.561263
673 0.25 0.25 0.25 0.25
674 0.00361011 0.00361011 0.104693 0.108303
675 0.0571429 0.0571429 0.157143 0.2
676 0 0 0 0
677 0.0315789 0.0447368 0.168421 0.2
678 0.00990099 0.00990099 0.0165017 0.0165017
679 0.0373747 0.0464904 0.140383 0.206928
680 0 0 0 0
681 0.028169 0.0469484 0.103286 0.131455
682 0.0721649 0.103093 0.175258 0.206186
683 0 0 0 0
684 0 0 0.166667 0.166667
685 0.601808 2.14836 0.348962 0.583724
687 0.0689655 0.218391 0.264368 0.689655
688 0.017094 0.017094 0.162393 0.17094
689 0.03125 0.03125 0.0625 0.09375
691 0.0403458 0.0432277 0.18732 0.224784
692 0.110588 2.92 0.158824 0.544706
693 0 0 0.06 0.08
694 0 0 0 0
695 0 0 0.0222222 0.0222222
696 0.152589 0.158038 0.779292 1.53134
697 0 0 0.333333 0.333333
698 0 0 0 0
699 0.0220994 0.0276243 0.165746 0.176796
700 0.057634 0.0859454 0.347826 0.485339
701 0.211779 0.404344 0.639933 1.76525
702 0.0444444 0.0444444 0.103704 0.133333
703 0.0990783 0.165899 0.290323 0.456221
704 0.116279 0.162791 0.174419 0.22093
705 0 0 0.25 0.25
706 0.0828729 0.145028 0.248619 0.546961
707 0.0384615 0.0576923 0.0961538 0.269231
708 0 0 0.0375 0.0375
709 0 0 0 0
710 0.0126582 0.0126582 0.0379747 0.0379747
711 0.046875 0.046875 0.09375 0.515625
712 0.0586451 0.0707786 0.101112 0.129424
713 0.0634641 0.0960776 0.229617 0.364037
714 0.0201342 0.0201342 0.0671141 0.0738255
715 0 0 0 0
716 0.0608365 0.0760456 0.224335 0.334601
717 0 0 0 0
719 0 0 0.461538 0.461538
720 0 0 0 0
721 0 0 0 0
722 0.0505618 0.056882 0.221208 0.249298
723 0 0 0.00746269 0.00746269
724 0 0 0.0526316 0.0526316
725 0 0 0.5 0.5
726 0 0 0 0
727 0.0833333 0.1 0.35 0.4
728 0.00203528 0.00203528 0.0176391 0.0189959
729 0 0 0.2 0.2
730 0 0 0.00335196 0.00335196
731 0.604585 0.719198 0.0830946 0.100287
732 0 0 0 0
733 0.016129 0.016129 0.016129 0.016129
735 0 0 0.25 0.25
736 0.515152 0.878788 0.424242 0.757576
737 0.139191 0.181639 0.209279 0.335637
739 0 0 0 0
740 0.0666667 0.0666667 0 0
741 0 0 0.04 0.04
742 0.125 1.375 0.25 0.375
744 0 0 0 0
745 0 0 0 0
746 0 0 0.16129 0.16129
747 0.0666667 0.0666667 0.0333333 0.0333333
748 0 0 0 0
751 0.0163934 0.0819672 0.0737705 0.368852
752 0 0 0.0512821 0.0512821
753 0 0 0 0
755 0.0470588 0.329412 0.258824 0.529412
756 0.42505 0.974684 0.652232 2.03331
757 0 0 0 0
759 0 0 0 0
760 0 0 0.5 1.5
761 0 0 0.0769231 0.0769231
762 0 0 0 0
763 0 0 0.2 0.4
764 0.25 0.25 0 0
765 0 0 0 0
766 0 0 0.25 0.25
767 0 0 0.0952381 0.111111
768 0.0131579 0.0526316 0.0657895 0.0921053
769 0.0638298 0.148936 0.319149 1.17021
771 0.125 0.3125 0.375 0.5
772 0.0275838 0.0401536 0.073324 0.101606
773 0 0 0 0
774 0.05 0.05 0.35 0.35
775 0.0267857 0.0267857 0.285714 0.392857
777 0.333333 0.333333 0.333333 0.333333
778 0 0 0 0
779 0.15 0.15 0.2 0.35
781 0.0625 0.0625 0.1875 0.1875
782 0.0625 0.0625 0.4375 0.8125
783 0 0 0 0
784 0 0 0 0
785 0.00179051 0.00179051 0.0304387 0.0322292
786 0 0 0 0
788 0.00402068 0.00402068 0.0310167 0.034463
789 0.103138 0.160214 0.434913 0.646863
790 0.0188679 0.0188679 0.113208 0.169811
791 0.0263158 0.0263158 0.0263158 0.0526316
792 0 0 0.75 0.75
793 0 0 0 0
794 0 0 0 0
795 0 0 0 0
796 0 0 0 0
798 0.208333 0.458333 0.291667 0.958333
799 0 0 0.230769 0.307692
800 0.148148 0.185185 0.37037 0.481481
801 0.06 0.06 0.4 0.58
802 0.0315789 0.0315789 0.0947368 0.0947368
803 0 0 0 0
804 0 0 0.0894309 0.113821
805 0.121893 0.434911 0.418343 0.981065
806 0 0 0.5 0.833333
807 0 0 0.5 1.5
808 0 0 0.285714 0.357143
809 0 0 1 6
810 0.0666667 0.0666667 0.333333 0.6
811 0.343972 0.485816 0.602837 0.971631
813 0 0 0 0
814 0 0 0 0
815 0 0 0.0106486 0.0106486
816 0 0 0.166667 0.166667
817 0.00522193 0.0130548 0.0417755 0.078329
818 0 0 0 0
819 0.130435 0.130435 0.173913 0.26087
821 0.0833333 0.0833333 0.333333 1.16667
822 0 0 0 0
824 0 0 0.277778 0.277778
825 0 0 0 0
826 0 0 0.030303 0.030303
827 0 0 0.175 0.2
828 0.119048 0.119048 0.214286 0.333333
829 0 0 0 0
830 0 0 0.0689655 0.0689655
831 0 0 0 0
832 0.0671533 0.0992701 0.354745 0.662774
833 0 0 0 0
836 0.075188 0.075188 0.37594 0.541353
839 0 0 0.0238095 0.0238095
840 0 0 0 0
841 0 0 0.333333 0.666667
846 0 0 0 0
850 0.0188679 0.0188679 0.433962 0.471698
851 0 0 0 0
853 0.121212 0.151515 0.454545 0.484848
855 0.0178571 0.0357143 0.125 0.142857
858 0 0 0 0
860 0 0 0 0
