id char tokens rts nondup hash at_reply at_mention at_users urls asking 
1 92.4046 15.4203 0.00369458 3189 0.000598982 0.00247579 0.0526478 80 0.958744 0.00369458
3 104.811 16.0114 0.646414 4507 0.0191106 0.000739767 0.690502 1668 0.921035 0.000658039
4 90.822 17.44 0.223467 2980 0.00699261 0.0192958 0.641727 740 0.290376 0.00329598
5 92.6045 15.9273 0.513636 218 0.0248288 0.00513699 0.759091 128 0.577273 0.00454545
6 88.9116 14.3495 0.150949 3091 0.0033402 0.00687561 0.313414 330 0.809213 0.00280112
7 58 8 0.1 9 0 0.025 0.3 3 0.3 0
9 82.9454 13.7944 0.0609903 2997 0.0334887 0.0219975 0.658816 1142 0.505435 0.00966184
10 77.1958 13.8231 0.134967 2702 0.022917 0.0182483 0.685386 408 0.350295 0.00713621
11 98.8099 17.5124 0.0371901 240 0.029495 0.0141576 0.384298 48 0.566116 0.0123967
12 64.5398 11.353 0.14149 1888 0.0129951 0.0209784 0.572004 553 0.402316 0.00302115
13 105.062 20.4917 0.221839 3171 0.0063546 0.0197988 0.795733 734 0.19454 0.00407907
14 79.9034 12.8723 0.119885 1147 0.0276542 0.00203433 0.298691 74 0.952128 0.012275
15 59.7647 12.8235 0 17 0.00458716 0 0 0 0.176471 0
16 101.511 21.1384 0.112872 3019 0.00263158 0.0192166 0.611902 675 0.118047 0.0194049
17 82.5743 15.0297 0.366337 95 0.0230567 0.0144928 0.821782 51 0.306931 0.039604
18 101.673 18.356 0.606506 3117 0.0151489 0.0088099 0.907726 1623 0.451048 0.00218955
19 104.79 18.4294 0.228811 3193 0.0139486 0.013898 0.579013 717 0.585222 0.0024837
20 102.089 20.9226 0.137373 3132 0.00632316 0.00988658 0.458756 376 0.137373 0.00444162
21 116.711 17.9448 0.142835 5524 0.0450532 0.0000947582 0.333746 1261 1.40764 0.0479209
22 77.5265 14.269 0.223709 3024 0.0171967 0.0295247 0.860739 892 0.194391 0.00318674
23 95.0433 18.174 0.154545 3135 0.0104355 0.0216645 0.68464 395 0.227273 0.0015674
24 94.8173 15.2284 0.130709 1745 0.0257254 0.00258474 0.250279 213 0.982176 0.004456
25 112.484 18.1494 0.385581 2122 0.0292303 0.0292574 1.26058 2224 0.743848 0.00246063
26 106.851 21.3708 0.183267 3239 0.00225144 0.0232028 0.809684 671 0.154153 0.000306466
27 85.8824 18.4412 0.323529 33 0.00318979 0.0127592 0.647059 4 0.205882 0
28 75.3103 15.9174 0.0122768 891 0.00252419 0.0124106 0.245536 37 0.046875 0
29 87.7268 16.2977 0.0754088 2828 0.0211094 0.00878937 0.309509 340 0.437614 0.00242277
30 74.8974 11.8761 0.0769231 209 0.0266283 0.00395826 0.376068 23 0.837607 0
31 82.3703 13.4257 0.0110865 241 0.00247729 0.00247729 0.0465632 15 0.736142 0
32 88.6832 17.8112 0.278816 3163 0.00543954 0.0265855 0.886604 608 0.0890966 0.00280374
33 67.3877 12.9307 0.156713 3953 0.00731599 0.0188257 0.482561 433 0.160296 0.000955566
35 110.74 20.726 0.287671 72 0.0185063 0.0138797 0.767123 35 0.342466 0
36 67.1789 12.8804 0.0789779 1678 0.00527502 0.0271416 0.458188 102 0.193961 0.0029036
37 86.0875 17.8202 0.0326923 1032 0.00264393 0.011547 0.269231 88 0.103846 0
38 74.5604 13.9798 0.0608617 2351 0.00178883 0.0004957 0.0940042 161 0.507683 0.000602591
39 90.2199 17.1646 0.0224653 3300 0.0144141 0.0199766 0.476796 307 0.154597 0.00354715
40 83.6708 14.9401 0.152236 2064 0.0291683 0.00936186 0.432445 386 0.550428 0.000475737
42 75.5535 12.7436 0.0370256 2321 0.0291996 0.0120333 0.586547 328 0.640234 0.00123419
43 95.8869 18.2928 0.173818 3116 0.0127378 0.0150662 0.540244 271 0.255872 0.00375822
46 87.0465 13.2558 0.0755814 161 0.0451754 0.00921053 0.813953 49 0.802326 0.0232558
47 84.66 16.62 0.01 92 0.00601685 0.022864 0.39 15 0.23 0.02
48 79.8758 16.3082 0 430 0.000135962 0.0104691 0.184035 20 0.13969 0
49 89.0438 15.8842 0.107389 2710 0.019888 0.00601175 0.302755 387 0.628053 0.00187852
50 98.7509 18.403 0.562972 3038 0.0117711 0.00523542 1.12909 861 0.391688 0.00535264
51 125.485 20.6533 0.0616903 2815 0.0765405 0.000582455 0.119988 109 1.0108 0.00277606
52 60.0357 12.4372 0.0403101 634 0.0052356 0.0128397 0.294574 80 0.0527132 0
53 86.1141 17.3981 0.085626 3102 0.00227422 0.0430858 0.978362 521 0.120247 0.00123648
54 73 9 0 1 0 0.111111 1 1 1 0
55 95.8909 16.61 0.19 969 0.0254502 0.0306497 1.01091 309 0.431818 0.00363636
56 94.4615 16.2308 0.307692 12 0.00473934 0.014218 0.461538 6 0.538462 0
57 87.7207 16.5851 0.279255 346 0.0120269 0.0206863 0.755319 163 0.353723 0.00265957
58 74.641 14.247 0.189014 2229 0.0210996 0.0167279 0.530709 463 0.202422 0.0017301
59 86.1556 16.3111 0 45 0 0.0354223 0.577778 9 0.244444 0
60 93.4629 14.8133 0.120205 253 0.0393646 0.0229627 1.20972 179 0.690537 0.00511509
61 75.0555 13.9957 0.147333 3081 0.0173308 0.0255529 0.673697 380 0.388648 0.00341191
62 84.8393 13.7722 0.0710754 1932 0.0102093 0.002356 0.226823 204 1.03801 0.00123609
63 105.389 17.5162 0.018102 1544 0.167136 0.000626331 0.0565003 83 0.971476 0.00603401
64 75.8709 14.4677 0.311024 1224 0.00854468 0.0316208 0.907874 253 0.0614173 0.000787402
65 36.3913 2.6087 0 6 0 0.316667 0.826087 19 0.956522 0
66 92.4093 15.7116 0.0680062 2918 0.0131033 0.0118244 0.493045 328 0.664297 0.00247295
67 61.67 11.9218 0.18283 3017 0.0138155 0.00904145 0.316057 344 0.193005 0.00190779
68 89.9592 18.8119 0.0159059 1440 0.00224248 0.00643335 0.160443 78 0.0816044 0.00276625
69 83.3319 17.0163 0.389586 1511 0.0109866 0.0117239 0.636763 200 0.0401506 0.00501882
70 89.0588 14.2941 0 14 0.0329218 0.0205761 0.588235 7 0.941176 0
71 77.9071 13.9434 0.107917 2114 0.0198883 0.0229652 0.56789 348 0.386555 0.00265369
73 113.912 18.688 0.372866 3091 0.0141708 0.0294548 1.39646 604 0.459174 0.000931388
74 75.9103 14.8201 0.0353562 1836 0.0326877 0.0356787 0.751979 250 0.113456 0.00791557
75 78.0236 14.9193 0.067541 3004 0.0050545 0.0118012 0.285246 303 0.27082 0.00360656
76 64.5106 12.7021 0.0638298 47 0.00335008 0.0184255 0.319149 9 0.0851064 0
78 74.4583 13.7569 0.0694444 265 0.00580515 0.0522463 0.996528 75 0.201389 0.0173611
79 79.1743 16.8513 0.0326531 1710 0.0016609 0.00951557 0.293294 50 0.00932945 0.00058309
80 60.7143 13.1429 0 7 0 0 0 0 0.428571 0
81 87.7689 14.4799 0.384927 2953 0.0501559 0.0269706 1.2588 1493 0.440673 0.0140143
82 85.7507 16.8167 0.0392715 1732 0.00423055 0.0115409 0.269209 160 0.264656 0
84 104.667 16.6667 0 3 0 0 0.666667 2 1.33333 0
85 123.375 19.8019 0.386547 3110 0.0328893 0.00244204 1.55673 741 0.755425 0.00278983
86 51.4054 6.63767 0.0265045 1184 0.00300653 0.00140931 0.0417836 105 1.00592 0.000623636
87 74.8293 12.6585 0.146341 41 0.0539499 0.0134875 0.536585 20 0.390244 0
88 78.9252 15.6566 0.0266749 2892 0.00505181 0.0174733 0.402295 182 0.42835 0.000930521
90 69.5133 13.9767 0.0233333 299 0.0197949 0.0183639 0.35 37 0.0233333 0.00666667
92 82.4253 15.973 0.116399 3115 0.00798937 0.00994402 0.452561 511 0.179145 0.00181873
94 81.7143 13.1429 0.285714 13 0.0163043 0.0271739 0.357143 5 0.5 0.0714286
95 109 20.3 0.5 10 0 0.00492611 0.7 7 0.5 0
97 82.352 15.3896 0.180458 3051 0.0292013 0.029284 0.889243 616 0.0830681 0.00190961
98 98.7224 18.1142 0.215023 3146 0.00907127 0.0215292 1.0216 1031 0.333333 0.00406886
99 109.517 19.8547 0.3956 2197 0.0387414 0.0111854 1.0797 1571 0.520133 0.119967
101 82.6762 15.2332 0.135965 1326 0.0373338 0.0208743 0.614766 315 0.15424 0.00219298
102 120.25 20.5625 0.25 16 0.0820669 0.00303951 0.5625 9 0.5 0
103 82.3428 15.2303 0.193175 3189 0.0229264 0.0139839 0.718464 926 0.36167 0.00304692
104 94.2 16.6333 0.0666667 25 0.00400802 0 0.166667 2 0.966667 0.0333333
105 97.1878 14.2735 0.0938776 212 0.0626251 0.00829282 0.657143 57 0.946939 0.00816326
106 56.4 10.2 0.2 5 0 0 0.2 1 0.4 0
107 103.478 17.5453 0.316282 4455 0.0155329 0.0261529 1.54832 2299 0.415542 0.00217675
108 109.339 15.9681 0.0241411 2680 0.0877832 0.00158936 0.273909 415 1.06685 0.00649954
109 78.3134 12.9493 0.147465 188 0.0120996 0.00427046 0.267281 41 0.723502 0
112 56.9322 11.7046 0.0228397 2553 0.00611422 0.0225381 0.330034 135 0.0829844 0.00266464
114 118.393 16.6599 0.0319083 2532 0.0673324 0.0000743799 0.0715613 83 1.28067 0.0213755
115 96.419 17.5951 0.0457746 219 0.0424255 0.0090054 0.28169 42 0.390845 0.00704225
116 89.8258 17.2197 0.156608 3183 0.0153495 0.0173625 0.695141 677 0.202724 0.00371402
117 81.9929 15.4799 0.397087 2848 0.0137353 0.0262998 0.998706 565 0.230421 0.00906149
118 87.6174 16.7235 0.11786 1069 0.0164805 0.0287867 0.825929 277 0.216682 0.00181324
120 100.271 18.6265 0.46988 331 0.0101876 0.0134217 1.06024 161 0.277108 0.00301205
121 78.0392 15.9193 0.00959233 1103 0.0275169 0.0173236 0.347722 47 0.143086 0.00319744
122 95.6563 17.688 0.520508 1659 0.0287413 0.00378862 0.730214 621 0.383016 0.00519931
124 113.274 20.4074 0.578013 3186 0.0113844 0.0147571 1.24696 1477 0.394581 0.00373715
125 98.0941 15.884 0.245378 508 0.0639086 0.00465559 0.568067 213 0.766387 0.0151261
126 90.8973 17.0526 0.167482 788 0.0323321 0.0135494 0.537897 238 0.353301 0.0171149
127 95.0154 16.7538 0.184615 65 0.0119376 0.00550964 0.230769 9 0.338462 0.0153846
131 112.368 19.7368 0.947368 33 0.0466667 0 1.36842 32 0.526316 0
132 113.455 18.0909 0.363636 11 0.080402 0.0251256 1.36364 11 0.363636 0
133 117.767 26.5778 0 90 0.00083612 0.00501672 0.133333 9 0.0222222 0
134 96.3333 16.6667 0.333333 3 0.02 0.04 1 3 0.333333 0
135 69.7551 12.8674 0.110752 1151 0.034994 0.022743 0.596605 343 0.243331 0.0339531
136 111.065 19.129 0.354839 24 0.0286678 0.0134907 1.35484 15 0.645161 0.354839
137 108.998 16.0115 0.107822 844 0.0888461 0.00192678 1.18573 664 1.10471 0.0196323
138 92.085 17.1581 0.139951 3482 0.0154638 0.0227069 0.781963 783 0.19824 0.00467418
139 94.5877 18.0718 0.115562 2963 0.0184165 0.00530328 0.438213 406 0.272111 0.00862866
140 95.1432 15.1281 0.0461605 645 0.0504748 0.000427753 0.268335 127 0.979724 0.000862813
141 103.586 18.1034 0.103448 28 0.0247619 0.0247619 0.724138 13 0.551724 0
143 88.3531 13.3591 0.553172 2120 0.00422457 0.00136164 0.163713 192 0.851679 0.000932836
144 70.1429 12.2857 0 7 0 0 0 0 1 0
145 104 24 0 2 0 0 0 0 0 0
146 64.9778 11.5111 0.0666667 45 0.0482625 0.0328185 0.688889 18 0.133333 0
147 103.29 15.8413 0.314371 303 0.0718201 0.001701 0.505988 83 0.832335 0
148 84.3374 16.4585 0.166667 1902 0.0200376 0.0105574 0.414894 239 0.0845998 0.00253293
150 85.3412 17.8706 0.0470588 84 0.00131666 0.0223831 0.470588 14 0.117647 0
151 39.9231 7.53846 0 12 0 0.0408163 0.230769 3 0 0
152 66.0519 13.4654 0.0570934 564 0.00295516 0.0477965 0.724913 47 0.0899654 0.00519031
153 63.7614 12.1023 0.0681818 82 0.0140845 0.0544601 0.795455 43 0.0681818 0
154 72.0455 12.0682 0.340909 43 0.0094162 0.0301318 0.5 12 0.522727 0
158 96.0769 18.8757 0.16568 168 0.00721003 0.015674 0.550296 52 0.248521 0
159 79.4659 14.6382 0.147611 1139 0.0189438 0.0301352 0.796075 289 0.326792 0.00255973
160 108.75 20.25 0.25 4 0.0493827 0 0.75 3 0.75 0
161 98.2047 14.6472 0.0587276 1036 0.159933 0.000139218 0.0766721 166 1.00489 0
162 100.165 17.0341 0.461454 818 0.0167453 0.01028 0.827093 225 0.774229 0.00440529
163 82.9209 14.7079 0.0486815 425 0.0355813 0.0121363 0.267748 46 0.640974 0.0020284
165 52.1538 9.76923 0.0769231 26 0.00393701 0.0551181 0.653846 14 0.192308 0
166 109.4 24 0 5 0 0 0 0 0 0
167 87 12 0 1 0 0 0 0 1 0
169 57.2 12 0.0666667 75 0.0111111 0.0366667 0.52 17 0.0266667 0.04
170 82.2624 16.5475 0.126697 218 0.0136724 0.00710965 0.393665 53 0.180995 0.00452489
171 60.2857 11.7143 0.214286 14 0.0121951 0.0182927 0.357143 4 0.428571 0
172 67.5468 9.78818 0.256158 172 0.0498239 0.00603926 0.423645 50 0.699507 0.00492611
174 15 2 0 1 0 0 0 0 0 0
175 106.554 20.0701 0.127389 146 0.0193589 0.0199937 0.694268 49 0.401274 0.00636943
176 59.3889 11.2222 0.194444 34 0.00495049 0.0272277 0.527778 8 0.333333 0
177 78.7913 14.5321 0.244175 2958 0.00680885 0.0118825 0.638047 642 0.270029 0.0019151
178 125.455 19.0779 0.760125 318 0.0896473 0.0019595 1.36137 255 0.962617 0.0311526
179 26.5 4 0 1 0 0 0 0 0 0
181 78.5311 14.8841 0.132771 932 0.0397876 0.00658407 0.417281 253 0.166491 0.0126449
182 103.566 18.1154 0.698286 543 0.0169705 0.0120497 0.905143 589 0.582857 0.00228571
183 59.6248 10.6639 0.0214067 2720 0.013679 0.0646382 0.825994 182 0.25474 0.00275229
186 113 22 0 1 0 0.0454545 1 1 0 0
187 102.841 18.1551 0.0326531 233 0.0290018 0.0101169 0.306122 38 0.542857 0.00408163
188 88.3205 15.7308 0.435897 78 0.0138549 0.00733496 0.75641 46 0.538462 0.0384615
189 78.3495 12.706 0.226852 402 0.026963 0.00145746 0.305556 111 0.74537 0
190 83.2558 16.2391 0.0319767 1306 0.0106064 0.0415753 0.880814 213 0.172965 0.00290698
191 109.037 18.2778 0.102881 223 0.111787 0.00427783 0.199588 67 0.528807 0
192 101.869 17.5945 0.27854 3111 0.0420508 0.00762303 0.663132 760 0.484404 0.00436681
193 80.4077 14.9769 0.192308 129 0.0133539 0.0328711 0.753846 57 0.215385 0
196 84.6061 17.0981 0.127592 1234 0.00573667 0.0176764 0.523126 121 0.0701754 0.0015949
197 71.8638 13.7595 0.273364 2177 0.00755514 0.00653761 0.386769 605 0.40812 0.0059503
198 71.3674 12.4453 0.0170316 363 0.0938416 0.0439883 0.586375 36 0.321168 0
199 76.8182 11.7273 0 10 0.00775194 0 0.0909091 1 1 0
200 65.9247 11.043 0.494624 88 0.00486855 0.00681597 0.731183 47 0.580645 0.0107527
202 72.6104 9.8617 0.0106383 225 0.110572 0.076726 0.882979 48 0.958777 0.00531915
203 121 20.252 0.471545 101 0.0574067 0.00240867 0.98374 77 1.01626 0.235772
204 91.1951 16.0488 0.853659 38 0.0668693 0.00455927 1.39024 33 0.292683 0
205 54 9 0 1 0 0.111111 1 1 0 0
206 65.8571 12.7143 0 7 0.011236 0 0 0 0.428571 0
207 77.5 14 0 2 0 0.0714286 1 2 0 0
208 56.9415 11.2506 0.0768035 3050 0.0117738 0.0310099 0.569963 320 0.0460199 0.00155473
209 62 13 0 2 0 0 0 0 0 0
210 60 12 0 2 0 0 0 0 0.5 0
211 102.828 15.9526 0.327586 204 0.0353958 0.0170224 0.512931 65 0.728448 0
212 80.4194 11.017 0.0084801 568 0.00100657 0.00432234 0.0639269 65 1.46053 0.0104371
213 61.4194 8.48387 0.0645161 17 0.0190114 0.0684411 0.774194 24 0.870968 0.0322581
214 40.75 8 0.125 7 0.03125 0 0.5 4 0.125 0
215 96.3298 17.9681 0.0319149 91 0.0189461 0.0290112 0.62766 18 0.138298 0
218 107.646 18.9451 0.265823 219 0.0289532 0.00601336 0.540084 87 0.514768 0.00421941
219 75.3611 15.6204 0.0685185 536 0.0109069 0.00308239 0.131481 49 0.037037 0.00185185
220 83.473 13.9459 0.216216 73 0.0125969 0.0222868 0.540541 28 0.567568 0
221 94.5385 16.8462 0.307692 12 0.0410959 0.00913242 0.846154 9 0.538462 0
222 104.927 19.4464 0.268874 744 0.0274486 0.0199564 1.11656 291 0.207947 0.00397351
223 4 1 0 1 0 0 0 0 0 0
224 103.947 20.3421 0.105263 76 0.042044 0.0084088 0.407895 24 0.131579 0.0657895
225 80.8507 12.0514 0.23178 806 0.0160603 0.00525429 0.334528 124 0.810036 0.00477897
227 80.47 13.7 0.14 88 0.0824817 0.0116788 0.5 17 0.35 0.02
228 78.5316 14.1254 0.256703 3107 0.00992648 0.0423457 1.13436 874 0.241911 0.001849
229 100.776 16.2118 0.0941176 77 0.0435414 0.00435414 0.352941 16 0.847059 0.0235294
230 64.6444 11.7111 0.155556 43 0.028463 0.00948767 0.511111 13 0.177778 0.0666667
231 100.688 17.9948 0.481223 848 0.0318385 0.0281013 1.39825 356 0.333624 0.0803493
232 92.0571 12.1333 0.0571429 58 0.0494506 0.00235479 0.352381 17 0.942857 0.00952381
233 71.5754 11.1063 0.151111 2493 0.0168688 0.00320138 0.237265 237 0.80547 0.00102564
235 19 2.33333 0 3 0.428571 0 0 0 0 0
236 77.6447 13.4737 0.0263158 66 0.0410156 0.0078125 0.355263 21 0.592105 0
237 88.7563 16.8666 0.211969 2753 0.0147677 0.0238265 0.783016 803 0.270812 0.0036777
238 85.5133 15.4827 0.155264 3135 0.0443503 0.017958 0.650109 757 0.12871 0.000937207
239 117.421 17.1307 0.0812072 639 0.0952813 0.00119874 1.26696 446 1.0809 0.000311139
240 114 20.25 0.5 4 0.037037 0.0123457 1 4 0.5 0
241 72.5153 10.4601 0.269939 112 0.0486804 0.027566 0.748466 72 0.742331 0
242 85.4336 14.5874 0.594406 137 0.0474593 0.00671141 0.93007 69 0.461538 0.00699301
243 91.3571 16.3571 0.285714 14 0.00436681 0.00873362 0.285714 3 0.785714 0
244 71.3307 10.3935 0.267954 1157 0.0138195 0.000638718 0.129753 152 0.955944 0.001207
245 24 6 0 2 0 0 0 0 0 0
246 95.1457 15.7099 0.291419 1604 0.0120332 0.00830156 1.07986 790 0.704758 0.00722175
247 94.625 14.875 0.125 8 0.0252101 0.00840336 0.5 4 0.625 0
248 84 14.4286 0 7 0 0 0 0 0.571429 0
249 97.7236 17.4925 0.0251256 169 0.0238437 0.0123528 0.326633 42 0.648241 0.00502513
250 92.6935 14.5201 0.164087 292 0.0622601 0.00618337 0.585139 90 0.74613 0.0216718
251 82.4167 14.375 0.583333 24 0.0637681 0 0.666667 16 0.291667 0.0416667
252 94.6349 15.6022 0.0517711 228 0.0349284 0.0176388 0.422343 73 0.850136 0.0027248
253 24 3 0 1 0 0 0 0 0 0
254 125.2 18 0.2 10 0.105556 0 0.3 3 1.1 0
255 63.1233 12.2238 0.0781945 2955 0.0285001 0.021089 0.438652 174 0.131278 0.0130324
256 84.0407 16.6885 0.0460177 518 0.00530279 0.0225899 0.511504 89 0.246018 0.00353982
257 95.1043 16.645 0.00271003 678 0.000569847 0.0172582 0.313008 44 0.575881 0.00135501
258 82.8231 16.5578 0.047619 144 0.0246508 0.00698439 0.14966 16 0.292517 0
259 69.7487 13.1145 0.106778 2734 0.0193991 0.0393883 0.717734 251 0.179201 0.00123801
261 102.664 15.4847 0.321009 1575 0.0375957 0.00117487 0.296362 284 1.00998 0.00410798
262 73.7675 13.8997 0.17265 1721 0.0116012 0.0315651 0.776068 514 0.19886 0.0011396
264 82.8663 16.535 0.180235 2755 0.00838475 0.0127921 0.543903 377 0.0867401 0.00319943
265 104.004 14.2921 0.0856742 280 0.0520833 0.0429442 0.769663 480 1.07725 0.00140449
266 93.2386 18.1591 0.0795455 85 0.0256571 0.0125156 0.454545 29 0.0909091 0.0113636
267 105.638 16.4077 0.0307692 76 0.0314112 0.00140647 0.0769231 6 1.46923 0
269 99.2692 18.0769 0.538462 51 0.012766 0.0191489 1.11538 41 0.230769 0
270 76.4802 14.2684 0.248213 2909 0.0443099 0.013548 0.617284 529 0.207602 0.00292398
271 69.1031 12.7406 0.38 1517 0.0181997 0.0149129 0.65375 295 0.32625 0.005
272 99.3927 18.1351 0.372165 3131 0.0182777 0.0133957 0.729108 738 0.397639 0.00341721
273 75.2359 13.87 0.367421 1235 0.0291763 0.0124816 0.626735 360 0.278305 0.00511322
274 97.1875 15.125 0.375 13 0.053719 0.00826446 0.6875 6 1 0
275 107.922 15.1948 0.467532 77 0.0222222 0.00512821 0.935065 54 1.03896 0
276 66.6991 11.8785 0.447664 993 0.0246263 0.00912667 0.866355 397 0.296262 0.00560748
277 90.8411 15.2138 0.543788 424 0.0188755 0.0021419 0.564155 162 0.694501 0
279 81.6767 15.8707 0.336207 229 0.0127648 0.0317762 1.05603 113 0.0818966 0.012931
280 51.9474 10.7895 0 19 0 0.00487805 0 0 0 0
281 126.703 23.1719 0.046875 163 0.00247247 0 0.161458 9 1.01042 0
282 91.2857 11.7619 0 8 0.0121457 0 0.047619 1 1.85714 0
283 90.6554 15.9941 0.448814 2898 0.0441409 0.0119231 1.07491 1452 0.33583 0.00561798
284 64.4236 11.7686 0.0305677 630 0.014966 0.0217687 0.342067 76 0.216885 0.00727802
285 35.3 6.7 0 10 0.0597015 0.0447761 0.3 3 0 0
287 16 2 0 1 0 0 0 0 0 0
289 72.2857 11.7143 0 6 0.0365854 0.0365854 0.714286 3 0.571429 0
290 91.3792 12.9521 0.039028 461 0.0543522 0.000397976 0.385125 161 1.04271 0.00515464
291 98.5 15.5769 0.153846 26 0 0.00493827 0.230769 6 0.807692 0
293 114.611 20.8771 0 229 0.00588797 0.0362826 1.46844 127 0.421927 0.0166113
294 93.3457 17.4938 0.580247 81 0.00635145 0.0183486 0.987654 53 0.246914 0
295 104.174 16.8955 0.455807 2182 0.0402291 0.0086684 1.3718 997 0.676406 0.00620891
296 117.546 20.2816 0.201149 86 0.0430717 0 0.045977 7 1.08046 0
297 81.2946 15.0391 0.179514 871 0.00779385 0.0259795 0.742344 167 0.329461 0.00422386
298 110 17.7454 0.120735 371 0.0171572 0.0230735 1.09711 160 0.538058 0.00262467
299 97.9259 17.9259 0.0740741 27 0.0227273 0.0371901 0.962963 20 0.222222 0.037037
300 60.5153 11.5714 0.0714286 190 0.021164 0.026455 0.494898 37 0.265306 0.0102041
301 85.1396 16.2812 0.483601 1398 0.0316746 0.010201 0.942777 731 0.0816469 0.000697837
303 91.2001 15.1249 0.126487 2742 0.0546275 0.00796953 0.43613 548 0.625548 0.00845335
304 62.5556 12.3333 0 9 0 0.027027 0.333333 2 0 0
305 64.5 11.25 0 4 0 0 0 0 1 0
306 44.5385 4.61538 0.0769231 5 0 0.166667 0.769231 10 0.846154 0
307 106.751 21.6857 0.0408163 243 0.000376435 0.00790514 0.257143 55 0.261224 0.0244898
308 72.2271 12.9136 0.144068 562 0.0102376 0.0141751 0.4 71 0.501695 0.00338983
309 100.314 16.9171 0.304626 1932 0.0279572 0.00183015 0.361922 620 0.732028 0.00213523
310 110.699 23.4839 0.0430108 93 0.00732601 0.003663 0.344086 14 0.0107527 0
311 110.487 18.833 0.322654 419 0.0496962 0.00255164 0.446224 91 0.693364 0.00457666
312 99.3636 16.7273 0.545455 22 0.0516304 0.0108696 1 17 0.454545 0
313 64.3333 11.5556 0.111111 9 0.00961538 0.00961538 0.222222 2 0.666667 0
314 78.2692 15.8015 0.0582988 3088 0.0106449 0.0156247 0.414782 154 0.0981204 0.00127429
315 86.5489 16.7776 0.0571792 780 0.0166616 0.0287792 0.641677 123 0.120712 0.0127065
316 109.292 16.5925 0.106583 479 0.0738712 0.00623465 0.794671 227 1.01881 0.0219436
317 52.8879 10.1779 0.0389129 3045 0.00136546 0.0706396 0.818406 686 0.0796788 0.00308833
319 104.708 18.1312 0.119534 258 0.0438977 0.0181701 0.810496 158 0.603499 0.0204082
320 77 18 0 1 0 0 0 0 0 0
321 105.867 12.8802 0.265979 2175 0.162271 0.00414176 0.973075 1177 0.835179 0.0070458
322 95.1968 17.6355 0.241337 3131 0.0169129 0.0100881 0.52104 644 0.308787 0.00495049
323 72.6861 14.9883 0.0256709 854 0.000778513 0.00280265 0.0770128 32 0.183197 0.00116686
325 102.231 16.2771 0.122857 246 0.0222924 0.00667018 0.691429 62 0.862857 0.00285714
326 78 12.8718 0.0512821 29 0 0.0737052 1 6 0.487179 0
327 137.333 25 0 3 0 0.04 3.33333 6 0 0
328 109.791 16.163 0.100199 1615 0.0939457 0.00120285 1.04038 1011 1.03789 0.00548355
329 68.5 13 0 2 0 0.0384615 0.5 1 0.5 0
330 107.5 17 0.5 2 0 0 0 0 1.5 0
331 97.7544 18.5526 0.131579 113 0.0326241 0.012766 0.824561 58 0.236842 0.0263158
332 104.055 17.1522 0.703412 352 0.0382555 0.00459067 1.19423 283 0.648294 0.023622
333 77.0769 13.5385 0.230769 13 0.0113636 0.0397727 1.38462 7 0.230769 0
334 90.8108 15.9189 0.0945946 69 0.0509338 0.0144312 0.527027 31 0.378378 0.0135135
335 103.961 18.0244 0.0549898 422 0.00937853 0.00384181 0.189409 47 0.755601 0
336 98.8666 18.0471 0.0359802 1496 0.00336862 0.0366424 1.0366 262 0.276675 0.00434243
339 86.8315 16.0109 0.315217 176 0.0108622 0.0145961 0.451087 52 0.505435 0.00543478
340 77.94 15.3 0.02 44 0.020915 0.0287582 0.58 9 0.34 0
341 70.0629 13.033 0.0445127 1250 0.0317984 0.0266164 0.607061 352 0.108979 0.00460476
343 87 13.7602 0.0162602 181 0.0525849 0 0.53252 10 0.979675 0
344 77.4004 14.4469 0.0243363 384 0.00551302 0.0234303 0.402655 80 0.276549 0
345 71.4226 13.1338 0.216349 3620 0.0022775 0.0244635 0.706808 760 0.260959 0.00206292
346 66.7552 12.8021 0.213542 183 0.0154597 0.0252238 0.651042 52 0.104167 0.0104167
347 85.5235 12.5937 0.0293754 3085 0.00844628 0.0680613 3.21985 523 0.0905999 0.00340136
348 99.775 17.9059 0.183844 2705 0.0113907 0.0254261 0.783039 765 0.467038 0.00371402
349 84.3005 15.101 0.144231 1563 0.0304043 0.014645 0.496394 288 0.158053 0.00420673
350 89.6667 15 0 3 0.0222222 0.0444444 1.33333 4 0.333333 0
351 93.2637 14.4616 0.0514648 1214 0.00208048 0.00437996 0.117181 84 0.897862 0.00158353
352 84.2006 16.186 0.0510678 3207 0.00718971 0.00707498 0.217889 273 0.0711854 0.000928505
354 76.3674 14.0799 0.102236 888 0.00968157 0.0267756 0.840256 249 0.236422 0.0085197
355 60.9714 11.6571 0 140 0.00735294 0.0422794 0.514286 8 0.157143 0
356 94.182 14.4531 0.611717 1949 0.0178956 0.000582148 0.616391 894 0.883764 0.00280461
357 90.646 17.531 0.485628 655 0.00888851 0.0103555 0.85174 289 0.240545 0.00605144
359 102.195 18.398 0.735811 1461 0.0166367 0.0103199 1.18986 956 0.370946 0.00608108
360 86.5652 13.8261 0.0434783 23 0.0691824 0.00943396 0.217391 5 0.521739 0
361 57.8681 11.3552 0.249437 2149 0.0073751 0.0264473 0.598379 535 0.0351193 0.00315173
363 98.8866 19.1773 0.74433 476 0.00849371 0.000860123 0.857732 154 0.265979 0.00206186
364 85.2 15.2 0.2 15 0 0.0131579 0.333333 4 0.6 0
365 95.8857 16.2571 0.171429 35 0.00175747 0.00175747 0.142857 5 0.571429 0.0285714
366 108.8 16.4 0.0555556 39 0.0555556 0.00745257 0.777778 17 0.866667 0.0111111
367 100.794 20.0257 0.0393798 3201 0.00606971 0.0267253 0.673488 153 0.0582946 0.00155039
369 102.613 22.5806 0 31 0 0 0 0 0 0
370 76.1098 13.1829 0.0487805 67 0.00925069 0.0222017 0.487805 35 0.670732 0
371 94.2203 15.8397 0.573085 1835 0.0168014 0.0154649 1.26411 761 0.459677 0
372 93.7778 14.9444 0.166667 15 0.130112 0 0.166667 1 0.944444 0
373 103.72 19.5487 0.165883 1478 0.0131579 0.00295451 0.266622 187 0.488919 0.00134318
374 113.64 19.4335 0.0224525 239 0.0303946 0.00168859 0.234888 86 0.992228 0.00259067
375 88.7023 16.7786 0.534351 126 0.0300273 0.010919 0.885496 58 0.167939 0.0152672
377 97.6 13.7 0.3 10 0.0145985 0 0.4 3 0.9 0.1
378 39.7143 6.85714 0 7 0 0.0208333 0.142857 1 0.285714 0
379 87.7312 15.2143 0.538607 2932 0.0149974 0.0186225 1.04097 1502 0.471478 0.00126064
380 67.6155 13.5489 0.300703 2072 0.00957583 0.0140699 0.558782 467 0.138642 0.00655738
381 90.5556 16.5185 0.296296 54 0.0213004 0.00336323 0.518519 20 0.425926 0
382 84.8064 13.2419 0.0645161 62 0.147381 0.0146163 0.435484 16 0.629032 0.016129
383 102.746 19.4178 0.57277 209 0.0198259 0.0106383 1.10329 138 0.375587 0
384 89.4167 16.1667 0 12 0.0360825 0.0309278 0.666667 4 0.5 0
385 104.941 20.0588 0 17 0.0117302 0.0175953 0.882353 9 0.470588 0
386 92.31 17.0713 0.0374826 2068 0.0609363 0.00281912 0.577973 450 0.544655 0.00601573
387 60.1052 11.5099 0.0455187 2772 0.00907447 0.0487753 0.749824 316 0.0232886 0.00141143
388 80.2041 15.3061 0.0816327 47 0.00266667 0.036 0.653061 4 0.163265 0.0612245
389 65.8161 12.8736 0.224138 171 0.0272321 0.0125 0.431034 37 0.091954 0
390 57.5 12.5 0.5 2 0 0 1 2 0 0
391 61.5332 11.1261 0.119918 1680 0.0113794 0.0438523 0.930005 234 0.181678 0.00411734
393 57 12 0 1 0.0833333 0.0833333 1 1 0 0
394 119.326 22.2027 0.66113 289 0.0281311 0.00658387 1.13953 98 0.415282 0.00332226
395 107.268 21.3464 0.112041 1536 0.0220506 0.00681729 0.339343 185 0.298133 0.00837089
396 83.3506 15.8545 0.456947 2831 0.037844 0.00653453 0.6741 585 0.116295 0.00205832
397 96.8976 17.091 0.56525 1220 0.0213531 0.0173577 1.23065 742 0.420334 0.00227618
398 77.8802 11.8744 0.108153 812 0.00658586 0.00238212 0.168885 128 1.08486 0.00332779
399 108.044 20.4737 0.412281 114 0.0167095 0.00728363 0.649123 43 0.368421 0
400 94.8099 18.5601 0.0315648 1440 0.00767115 0.0110363 0.416387 190 0.31632 0.00335796
402 35.4286 7.57143 0.142857 14 0.0188679 0 0.142857 2 0 0
403 88.1044 16.5315 0.35142 3038 0.0127278 0.0145215 0.833438 1017 0.225237 0.00315457
404 80.2517 15.6259 0.0454545 260 0.0136496 0.028418 0.597902 101 0.269231 0.0034965
405 94.9444 16.3333 0.222222 15 0.0238095 0.0102041 1.11111 10 0.777778 0.111111
406 99.454 16.0383 0.230061 570 0.0485799 0.00841542 0.659509 272 0.805215 0.00460123
407 90.9803 17.0132 0.25 152 0.0116009 0.0390565 1.09868 89 0.171053 0
408 114.854 18.5825 1 103 0.0125392 0 1.14563 51 1.06796 0
409 98.3566 13.9008 0.439678 369 0.0221794 0 0.0214477 6 1.05362 0.00268097
413 52.9282 6.49522 0.0167464 391 0.0139963 0.00220994 0.069378 21 1.00478 0.00717703
414 89.1978 15.8692 0.143929 2036 0.0203551 0.0180803 1.20394 623 0.306142 0.00797
415 89.4482 18.4832 0.0210084 697 0.020535 0.00431916 0.107843 32 0.070028 0
416 108.883 19.5525 0.513122 1435 0.0392766 0.00243713 0.877072 556 0.421961 0.00483425
417 81.5114 13.4091 0.306818 81 0.0432203 0.0305085 0.852273 51 0.306818 0.0113636
418 100.492 16.5922 0.420712 295 0.0275015 0.00897211 0.812298 115 0.660194 0.00323625
419 82.7143 11.5714 0.285714 6 0.0123457 0 0.714286 4 1.14286 0.142857
420 95.0225 14.3663 0.184397 1865 0.0649281 0.00150247 0.672217 1045 1.01018 0.00925069
423 96.2778 19.1111 0 18 0.00290698 0.0406977 0.833333 9 0.0555556 0.0555556
424 116.431 17.3726 0.120109 1320 0.040749 0.00408537 0.819836 617 1.11146 0.000454959
425 81.2669 15.6225 0.115174 1075 0.0181967 0.0131063 0.441499 129 0.167276 0.00365631
426 116.526 9.21053 0.0526316 16 0.108571 0.0571429 1.10526 9 0.842105 0.0526316
427 94.9017 17.9642 0.159925 3162 0.0125916 0.0407538 1.29776 741 0.174238 0.00902302
428 85.1496 15.2168 0.067232 1596 0.0622935 0.00413963 0.28831 164 0.413083 0.00363416
430 64.6004 11.3522 0.529351 908 0.0233149 0.00834619 0.905252 330 0.30999 0.0061792
432 89.274 15.3678 0.242788 404 0.0705459 0.01486 0.745192 178 0.242788 0
433 70.0297 12.1653 0.241525 217 0.0508534 0.0372692 0.978814 116 0.199153 0.0381356
434 120.667 21.5556 0.777778 9 0.0515464 0.00515464 1.11111 7 0.555556 0
435 117.761 20.7275 0.667221 2349 0.0147321 0.0151931 1.57624 1664 0.381803 0.00290818
441 84.7083 17.5944 0.25 300 0.00710452 0.00568361 0.305556 44 0.427778 0.00833333
442 80.8621 15.8621 0.0172414 56 0.00869565 0.00978261 0.172414 10 0.241379 0
443 57.6667 11.6667 0.333333 3 0 0 0 0 0.333333 0
445 44.3776 7.95017 0.0557103 2870 0.00175186 0.0938607 0.878675 280 0.0306407 0.00123801
447 109.435 17.6129 0.854839 61 0.014652 0.00457875 1.04839 40 1.01613 0.016129
448 86.4975 12.4774 0.0228677 1872 0.0505733 0.000222899 0.0580964 96 1.01792 0.00309023
449 98.5839 18.6423 0.308394 405 0.0316171 0.00606891 0.706204 168 0.370438 0.00182482
450 93.3467 17.6134 0.132267 1193 0.0184024 0.0280162 0.944767 517 0.357558 0.037064
451 86.9051 15.6068 0.0881356 286 0.0406169 0.034318 0.820339 76 0.20339 0.00338983
452 111.373 12.546 0.0495481 2725 0.00578738 0.0660457 6.15862 428 0.135868 0.00560922
453 88.4072 15.6698 0.0614719 3133 0.00567261 0.0229483 0.522367 408 0.502742 0.0037518
454 83.692 13.557 0.14135 446 0.0189854 0.0102708 0.379747 141 0.761603 0.0168776
455 49.75 10.375 0.125 8 0.0120482 0.0361446 0.5 3 0 0
456 75.4683 13.7267 0.132919 789 0.0124887 0.0576471 1.23478 462 0.0397516 0.00621118
457 73.6 13.6 0.2 5 0.0147059 0.0147059 0.2 1 0.2 0
459 94.5069 15.9863 0.0136986 72 0.117395 0.0239931 0.534247 10 0.164384 0
460 81.4375 13.8125 0.5 16 0.0271493 0.0271493 1.1875 12 0.25 0
461 88.529 15.3786 0.290761 1050 0.0306279 0.0263282 1.06069 493 0.424819 0.00362319
462 64.9593 12.4449 0.0731481 2056 0.00613816 0.0287936 0.640278 331 0.175926 0.000925926
464 68.8158 13.1053 0.263158 38 0.0220884 0.0321285 0.894737 15 0.131579 0
465 118.429 23.3571 0.214286 7 0.0030581 0.00917431 1.28571 11 0.714286 0.0714286
466 106.709 14.7165 0.129921 125 0.0187266 0.00454789 0.299213 63 1.77953 0.00393701
467 52.2353 8.73529 0.0686275 95 0.0179574 0.0864198 1.08824 15 0.0294118 0.0196078
468 83.8947 15.1544 0.352336 1183 0.0314525 0.0156217 0.774347 518 0.471101 0.00316706
470 98.7778 16.5556 0.333333 9 0.0402685 0.0134228 1 8 0.666667 0
471 65.4248 12.0893 0.244628 1146 0.0274132 0.02379 0.78843 284 0.102479 0.00413223
473 59 10.4444 0 9 0 0.0957447 1 2 0 0
474 61.926 12.222 0.224215 415 0.00935608 0.0293524 0.650224 122 0.127803 0.00224215
475 13 3 0 1 0 0 0 0 0 0
476 89.6127 15.382 0.281167 325 0.0439731 0.0158648 0.888594 160 0.38992 0.00265252
477 68.3384 11.7177 0.0452586 446 0.0297958 0.0246459 0.450431 31 0.366379 0.00431034
478 102.99 18.5648 0.26881 3127 0.0128315 0.0137565 0.712457 897 0.608492 0.00936622
479 110.671 16.039 0.206628 481 0.0708556 0.0026738 0.417154 145 1.05068 0.0194932
480 85.1538 16.7692 0 13 0 0.0504587 0.846154 8 0.0769231 0
482 124.337 20.5613 0.0184049 46 0.0402805 0.00253618 0.0828221 11 0.892638 0
483 55 9 0 2 0 0.0555556 0.5 1 0.5 0
485 97.5339 18.7987 0.286652 3096 0.0104262 0.0199877 0.948421 917 0.207252 0.00844014
486 91 13.9231 0 12 0.0165746 0.0110497 0.384615 3 0.846154 0
489 71.4007 11.9242 0.393502 260 0.0217984 0.0305783 1.38267 106 0.252708 0
490 72.5 12.3333 0.5 6 0.0540541 0.027027 1 6 0.5 0
491 99.2755 18.8367 0.397959 97 0.0211268 0.0211268 0.989796 53 0.214286 0
492 90.6057 13.0335 0.0345188 353 0.126003 0.000642055 0.0439331 35 0.92364 0
493 80.169 14.4064 0.207763 429 0.059271 0.0158479 0.80137 148 0.157534 0.0159817
494 73.131 14.6731 0.0564588 3292 0.0122484 0.0079776 0.217263 239 0.0963642 0.00177357
495 118.488 19.1395 0.0465116 33 0.0838396 0.0036452 0.209302 7 1.04651 0.0232558
496 78.7262 12.381 0.0833333 81 0.0346154 0.0490385 1.44048 26 0.309524 0
498 76.9231 14.5385 0 13 0.010582 0.037037 0.538462 4 0.153846 0
499 86.1111 13.3111 0.177778 36 0.0651085 0.00500835 0.155556 5 0.866667 0
500 113.852 16.2384 0.141108 2713 0.110648 0.000791691 1.03459 1717 1.11846 0.00489746
501 68.3333 11.7143 0.238095 21 0.0406504 0.00406504 0.0952381 2 0.333333 0
503 109.087 19.0435 0.217391 22 0.0319635 0.0228311 0.913043 17 0.347826 0
504 123.277 18.1243 0.378531 171 0.0355362 0.0158978 0.943503 138 1.05085 0.0112994
505 115 22.5556 0.111111 18 0.00985222 0.00246305 0.277778 5 0.444444 0
506 117.591 18.197 0.19697 65 0.0183181 0 0.818182 33 1.30303 0
507 63 12 0.333333 3 0.0277778 0.0277778 0.666667 2 0 0
508 118.783 23.1083 0.898089 156 0.00606395 0.000275634 0.936306 68 0.299363 0
509 108.187 16.6178 0.72644 1307 0.0737634 0.00929427 1.39136 1062 0.647906 0.0026178
510 82.6627 13.0602 0.0843373 82 0.0691882 0.0101476 0.289157 19 0.481928 0
512 103.294 17.0614 0.539474 219 0.0347044 0.00951157 1.19298 142 0.754386 0.0438596
514 98.1875 16.1875 0.875 13 0 0 0.0625 1 0.9375 0
515 109.209 20.3268 0.898693 305 0.0228296 0.00369775 1.30392 167 0.339869 0.00653595
516 56.7222 9.54167 0.0625 136 0.0567686 0.0509461 0.680556 33 0.0833333 0
518 72 12 0 1 0.0833333 0 0 0 0 0
519 79.75 12 0.5 4 0.0625 0 0.25 1 0.5 0
520 67.2797 12.3049 0.266099 2744 0.0121833 0.0307075 0.79523 332 0.150937 0.00408859
521 106.176 15.6539 0.0717593 751 0.0998891 0.00251386 0.311343 110 0.898148 0.0173611
522 87.0698 16.9535 0.27907 42 0.0301783 0.0109739 0.581395 23 0.186047 0
523 98.5669 18.2739 0.0509554 141 0.0209132 0.0177762 0.528662 35 0.452229 0
524 77.1765 11.2549 0 30 0.0627178 0.043554 0.529412 26 0.705882 0
525 83.9524 15.0476 0.190476 61 0.0242616 0.0253165 0.47619 13 0.285714 0.015873
526 100.619 16.8125 0.01875 126 0.0717472 0.00483271 0.575 50 0.6375 0
527 92.5172 14.1379 0.103448 23 0.00731707 0.00731707 0.206897 3 1 0
528 77.0878 13.7561 0.204878 194 0.0117021 0.00141844 0.678049 52 0.512195 0.00487805
529 86.348 14.7209 0.0724466 839 0.0434046 0.00161355 0.168646 70 0.42399 0.00118765
531 63.8463 11.0808 0.286814 2862 0.0287501 0.0274183 0.807186 598 0.215592 0.00192493
533 92.4 13.2 0 4 0 0 0 0 1 0
535 57 7 1 1 0 0 1 1 1 0
536 101.817 17.8934 0.256345 379 0.047234 0.0222695 0.840102 141 0.57868 0.00761421
537 66.9494 11.3092 0.0779754 627 0.00532237 0.0165719 0.410397 161 0.5171 0
538 124.433 23.4 0.146667 149 0.0136752 0.02849 1.78667 84 0.166667 0.0133333
539 67.7426 11.655 0.264026 3182 0.00527725 0.0367091 1.0276 479 0.264326 0.00180018
540 85.4667 16.2889 0.5 88 0.0416098 0.00613915 0.922222 69 0.144444 0.0111111
542 59.2648 10.4217 0.151572 3027 0.0125524 0.0448085 0.86195 282 0.0764151 0.000314465
543 91.8924 15.4028 0.181653 1651 0.135684 0.00339063 0.301998 264 0.529973 0.00181653
544 41.75 8.25 0 4 0 0 0 0 0 0
545 79.8519 13.6296 0.037037 27 0.0516304 0.0326087 0.740741 12 0.185185 0.037037
546 81.8654 14.7692 0.0576923 52 0.015625 0.0585938 1.07692 25 0.0769231 0
547 72.7291 13.5078 0.292988 2852 0.0105725 0.018727 0.853987 653 0.190522 0.00384246
549 82.6621 14.8155 0.314731 5007 0.00379126 0.0285201 1.0241 2215 0.179199 0.00253669
550 96.1667 16 0.166667 6 0.0104167 0.0104167 0.666667 4 0.666667 0
551 103.911 14.4752 0.19802 79 0.0793434 0.00273598 0.782178 25 1.20792 0
552 118.875 17.8696 0.158568 114 0.051238 0.00271934 0.2711 38 1.49872 0.138107
553 103.102 15.6063 0.114286 251 0.060415 0.0101709 0.653968 75 0.95873 0.00634921
554 82.6995 13.0272 0.00169779 239 0.000521309 0.000651636 0.0135823 6 1.39898 0.00169779
555 55 9.92 0.2 25 0.00403226 0.0766129 1 12 0.08 0
556 42 6.625 0 8 0.0188679 0.113208 1.125 4 0.25 0
557 104.2 18.8 0 4 0 0 0.4 1 0.6 0
559 72.5363 13.6053 0.204261 777 0.0312241 0.0344478 0.776942 134 0.131579 0.00125313
561 69.9448 11.9013 0.132107 583 0.0633694 0.0302094 0.710702 42 0.262542 0.00167224
562 84.2857 14.9048 0.0952381 42 0.0271566 0.0415335 1.09524 31 0.142857 0
563 77.361 14.077 0.333644 3040 0.00690736 0.0272984 0.96676 858 0.30817 0.00186393
565 131.003 18.0949 0.0948509 103 0.0775798 0.0447806 0.943089 275 0.802168 0
566 72.3958 12.4095 0.440699 650 0.0158954 0.0250503 0.945069 244 0.330836 0
567 118.75 19.75 0 4 0 0.0126582 1 4 0.75 0
568 75.6816 13.3591 0.0309119 1707 0.0575395 0.0145006 0.267903 136 0.364245 0.00515198
570 92.0112 15.4045 0.11236 70 0.0379285 0.00583516 0.449438 30 0.808989 0
572 70.0724 12.8717 0.275941 1686 0.048545 0.0122248 0.49886 285 0.121437 0.00342075
573 108.446 21.0054 0.581522 182 0.00905563 0.0100906 0.88587 56 0.0978261 0.0217391
574 92.6 15.4 0.08 65 0.0562771 0.0285714 0.586667 18 0.48 0
575 139.74 25.1233 0 64 0 0 0 0 0.986301 0
576 48.5882 8.17647 0.117647 16 0.0143885 0.0863309 0.823529 9 0.176471 0
578 35 8 0 1 0 0 0 0 0 0
579 83.2409 14.6631 0.353945 431 0.0119238 0.0177403 0.865672 140 0.473348 0.00639659
580 67.6024 11.0183 0.168196 273 0.0857619 0.0152651 0.538226 76 0.330275 0
581 105.143 17.2857 0.428571 7 0.0826446 0.00826446 1 6 0.714286 0
585 101.5 19.5 0 2 0 0.025641 0.5 1 0.5 0
586 99.5479 14.5389 0.157324 413 0.0563433 0.00186567 0.618445 280 1.04521 0.00723327
587 140 20 1 1 0 0 0 0 2 0
588 88.3998 16.6403 0.09113 803 0.00927346 0.0383352 0.935601 262 0.115431 0.00486027
589 100.375 16.4559 0.5 132 0.00893655 0.00402145 0.647059 65 0.801471 0
590 71.2139 13.741 0.177711 330 0.00832968 0.0127137 0.451807 85 0.135542 0.00301205
591 116.25 22.3611 0.361111 35 0.0310559 0.021118 1.36111 32 0.0555556 0.0555556
592 97.3916 16.6233 0.200542 612 0.0307304 0.00643952 0.601626 266 0.703252 0.0121951
593 62.57 12.4179 0.11464 2947 0.00831117 0.0281301 0.602413 507 0.10162 0.0111146
594 77.3333 13.3571 0.238095 42 0.057041 0.0320856 0.857143 7 0.333333 0
595 111.019 20.2925 0.0415236 3137 0.00952352 0.0426635 1.58352 779 0.136747 0.0043709
596 56.8131 11.1888 0.163642 3062 0.00213408 0.0256943 0.542502 336 0.0448902 0.00254696
598 109 17.75 0.166667 35 0.0547731 0.00469484 0.277778 6 0.722222 0
599 86.198 14.052 0.113383 877 0.0109127 0.00780423 0.393123 177 0.856877 0.00464684
600 89.6958 16.4153 0.116402 360 0.0280419 0.042224 1.24074 145 0.269841 0.0026455
602 63.4771 11.6021 0.0981013 1195 0.0124105 0.0332765 0.799842 86 0.160601 0.000791139
603 111.421 16.2105 0.131579 34 0.107143 0.00487013 1.15789 43 1.02632 0
604 109.21 19.2513 0.328205 195 0.0580714 0.00692595 0.661538 88 0.502564 0.00512821
605 58.7 9.03333 0 30 0 0.00369004 0.0666667 2 0.933333 0
606 101.218 15.7596 0.33359 1953 0.0575626 0.00129546 0.409091 539 1.01464 0.00269646
608 87.5698 14.9832 0.27933 174 0.0149142 0.0164057 0.759777 71 0.592179 0
609 98.7798 16.6832 0.377841 685 0.0546616 0.0197531 1.04972 261 0.518466 0
611 115.506 19.4232 0.143701 507 0.0211817 0.025641 0.901575 188 0.283465 0
612 87 16 0 1 0 0.0625 1 1 0 0
613 104.854 16.7825 0.942711 1809 0.0376887 0.000111012 1.14718 899 0.838379 0.00745226
614 53.5818 8.10909 0.127273 42 0.109865 0.0605381 0.690909 21 0.309091 0
615 114 18 0.333333 3 0 0 0.333333 1 1 0
616 78.625 12.375 0.125 8 0.040404 0.040404 0.625 3 0.25 0
617 69.6892 12.5481 0.55726 923 0.00871904 0.0104302 0.788344 238 0.382413 0.00511247
618 87.2241 15.2155 0.198276 222 0.0232295 0.011898 0.810345 92 0.698276 0.00862069
620 77.2671 15.2292 0.179358 2512 0.00629474 0.0193411 0.577889 250 0.0757634 0.00309238
621 79.4286 12.8571 0 4 0.0111111 0.0111111 0.714286 2 1 0
622 86.1739 14.6087 0.130435 22 0.0565476 0.00892857 0.304348 5 0.608696 0
625 126.821 21.6923 0.846154 22 0.0756501 0.0035461 0.974359 11 0.666667 0.025641
626 92.1579 15.3158 0.315789 14 0.0309278 0.00343643 0.421053 7 0.736842 0
627 112.482 17.4824 0.811765 51 0.0699865 0 0.270588 12 0.929412 0
628 91.72 19.54 0 50 0 0 0 0 0.02 0
629 114.042 21.5789 0.294737 95 0.0317073 0.000487805 0.378947 28 0.221053 0
630 53.6 10.2 0 5 0 0.0196078 0.2 1 0 0
632 112.909 20.9091 0.363636 11 0.0173913 0.0173913 1.27273 10 0.545455 0.0909091
633 117.175 20.8893 0.602294 3158 0.021042 0.0140973 1.1925 1732 0.368568 0.00309981
634 107.143 16.8571 0.857143 7 0.0254237 0 0.857143 5 1 0
635 86.0407 12.4783 0.10962 1770 0.140163 0.0022231 0.153915 204 0.918121 0.00223714
636 37.0833 7.41667 0.0416667 23 0.0337079 0.00561798 0.0833333 1 0.166667 0.0416667
637 120 22.75 0 4 0 0.043956 1 1 0 0
638 104.199 16.5874 0.191257 334 0.0716521 0.0115302 0.751366 172 0.76776 0.079235
639 91.8785 14.8057 0.0566802 227 0.0675417 0.0068362 0.433198 53 0.728745 0
640 92 13.6889 0.0222222 36 0.00487013 0.0292208 0.555556 14 1.15556 0.177778
641 92.5334 15.1338 0.297659 583 0.0387845 0.00651934 0.488294 219 0.668896 0.00334448
643 89.3 17.5 0.1 10 0.0342857 0.0285714 0.6 6 0.3 0
645 63 13 0 3 0 0 0 0 0.333333 0
646 38 5.66667 0 3 0.0588235 0.117647 0.666667 2 0 0
649 94.5421 14.711 0.158752 756 0.0576001 0.00890057 0.602442 252 0.865672 0.0128901
650 85.7548 12.376 0.18583 3017 0.00971727 0.000502184 0.0394655 104 1.10907 0.000310752
651 97.1111 14.0556 0.111111 18 0.0316206 0.00395257 1.05556 11 0.888889 0
652 89.2761 15.6871 0.184049 159 0.0191631 0.0117325 0.852761 59 0.263804 0.0122699
653 84.7192 16.0106 0.0760264 1945 0.0404888 0.00275412 0.246325 195 0.0542321 0.00152053
654 78.6154 14.4615 0.230769 13 0.0159574 0.037234 1 11 0.153846 0
656 70.4667 12.8444 0 42 0.0536332 0.050173 0.733333 5 0.0888889 0
657 87.0746 15.3596 0.140351 210 0.0294118 0.0142776 0.517544 49 0.535088 0.0131579
658 103.562 16.7798 0.244444 432 0.066458 0.00854804 0.993939 227 0.585859 0.0040404
659 55.375 11.25 0.5 8 0 0 0.5 3 0 0
660 93.4601 16.1481 0.612756 391 0.0301876 0.0141064 1.30068 219 0.446469 0.00683371
662 39 6.5 0 2 0.0769231 0.0769231 0.5 1 0 0
664 107.278 20.2222 0 18 0.00824176 0.043956 1 14 0.111111 0
665 140 28.5 0 2 0 0.0350877 1 2 0 0
666 109.464 19.5833 0.0357143 76 0.00121581 0.00243161 0.107143 9 0.940476 0.0119048
667 80.1862 13.4504 0.036643 1393 0.0653397 0.0134019 0.3026 351 0.761229 0.0325059
668 22 1 0 1 0 0 0 0 1 0
669 104.77 15.2435 0.826087 204 0.0972618 0.000285225 1.14348 111 0.673913 0
670 97.22 14.36 0.38 50 0.0306407 0.00557103 0.52 21 0.84 0
671 80.742 13.588 0.016 218 0.0652046 0.0426847 0.606 282 0.516 0.006
672 73.6747 13.1563 0.433749 3880 0.00894438 0.013828 0.707461 1182 0.367381 0.00353024
673 37 6.5 0 4 0.0769231 0 0 0 0 0
674 111.633 17.9424 0.00359712 11 0.106055 0.000200481 0.928058 44 1.01439 0
675 81.7436 12.4872 0.393162 90 0.0677618 0.0164271 0.974359 57 0.752137 0.025641
676 87.6667 20 0.333333 3 0.0166667 0.0166667 1.33333 3 0 0
677 78.9324 15.2391 0.0821256 409 0.0215565 0.00966873 0.248792 46 0.0990338 0.00483092
678 100.9 14.2855 0.0546022 318 0.0618106 0.00382221 0.283931 60 1.20437 0.00624025
679 91.6548 16.9549 0.0671769 1169 0.0579267 0.00817493 0.266156 238 0.0552721 0.00680272
680 27 3 0 1 0 0 0 0 0 0
681 89.1398 15.4301 0.427419 351 0.0226481 0.0109756 0.446237 91 0.586021 0.0188172
682 80.3704 13.5741 0.101852 107 0.079809 0.0368349 0.685185 31 0.138889 0
683 97.5714 16 0 5 0.00892857 0 0.285714 2 1 0
684 78.375 14 0.25 16 0.03125 0.0401786 1 14 0.1875 0
685 125.623 15.1976 0.0698975 883 0.301915 0.000143088 0.0900901 162 1.87947 0.000931966
687 98.2593 17.1574 0.194444 108 0.0259039 0.0372369 1.02778 40 0.333333 0
688 95.3475 18.9915 0.00847458 118 0.0169567 0.0075859 0.271186 15 0.110169 0.0169492
689 95.8 14.6857 0.0857143 33 0.0525292 0.00194553 0.2 5 1 0
691 97.0951 18.7378 0.190255 425 0.0380139 0.0148588 0.596288 123 0.171694 0.00232019
692 120.519 17.9211 0.735322 2838 0.0943697 0.000329358 1.08357 1372 1.20162 0.00528114
693 87.6832 15.1188 0.49505 83 0.0386379 0.0288147 1.20792 39 0.465347 0
694 31.875 1.875 0 10 0.0666667 0.166667 0.3125 5 0.875 0
695 93.3269 18.3077 0.134615 52 0.0367647 0.00735294 0.442308 15 0.0384615 0
696 59.2664 10.5701 0.142523 405 0.0594607 0.0192308 0.516355 48 0.0771028 0.0046729
697 102 16.5 0.25 4 0.0151515 0.030303 0.5 2 0.5 0
698 33.8333 2.66667 0 2 0.625 0.0625 0.166667 1 0 0
699 92.2857 17.4805 0.21645 231 0.00842001 0.0160971 0.601732 63 0.385281 0.00865801
700 69.3055 12.1675 0.319891 1367 0.0116847 0.027358 0.892003 398 0.257006 0.00683527
701 75.2203 14.0787 0.193407 2582 0.0151472 0.0326357 0.866129 782 0.250589 0.0857719
702 97.1902 15.3804 0.266304 170 0.0869258 0.00565371 0.684783 56 0.701087 0
703 112.412 16.9865 0.0225225 427 0.109785 0.00424291 0.119369 41 0.966216 0.00675676
704 115.131 18.9364 0.696113 282 0.0250047 0.00447845 1.04947 185 0.957597 0
705 133.375 28.5 0 8 0.0526316 0.00438596 0.125 1 0 0
706 71.275 12.8989 0.177273 858 0.0253722 0.0296009 0.747727 302 0.210227 0.0147727
707 103.512 16.6585 0.154472 121 0.0756467 0.0034163 0.292683 18 0.894309 0.0487805
708 98.6058 16.5769 0.230769 84 0 0.00812065 0.798077 18 0.865385 0
709 136 26 0 1 0 0.0384615 1 1 0 0
710 93.2911 14.4747 0.5 128 0.0857018 0.00306078 0.721519 75 0.835443 0
711 89.1644 15.1849 0.123288 133 0.0257104 0.037889 1.0137 73 0.40411 0.0136986
712 96.161 12.1813 0.166105 934 0.0730948 0.000276874 0.206577 150 1.35245 0.00084317
713 90.7206 14.8011 0.253447 2554 0.05594 0.0184323 0.864084 844 0.642154 0.0157584
714 79.6564 10.8564 0.235897 158 0.0288144 0.00236183 0.128205 21 1.11795 0
715 95.5 13 0 6 0.0512821 0 0.166667 1 1.16667 0
716 85.7769 15.7293 0.340852 384 0.014659 0.0172084 0.902256 194 0.243108 0
717 82.2222 14.8333 0.666667 17 0.0149813 0.011236 1.05556 14 0.388889 0
719 88.4615 19.3846 0 13 0.00793651 0.047619 0.923077 2 0 0.153846
720 130 18.5 0 1 0.0540541 0.0540541 1 1 2 0
721 106.444 16.4444 0.333333 7 0.0675676 0 1.11111 5 1 0
722 66.1219 13.3202 0.221311 1791 0.00816377 0.0116098 0.432787 198 0.128415 0.000546448
723 97.2571 16.4643 0.0428571 127 0.0689805 0 0.0785714 10 0.35 0.0142857
724 75.3478 13.6087 0.173913 23 0.00319489 0.0607029 1.21739 21 0.130435 0
725 21 3.5 0 2 0.285714 0 0 0 0 0
726 109.478 16.3261 0 20 0.0719041 0 0.0869565 3 1.17391 0
727 70.0307 9.44013 0.902913 508 0.00257113 0.00805622 0.0809061 31 0.920712 0.00161812
728 121.995 19.4393 0.0887172 2702 0.0176987 0.0000954107 0.214219 221 1.18176 0.0049459
729 57.375 9.75 0.375 8 0.0384615 0.0384615 0.875 3 0.375 0
730 102.074 15.7648 0.00222965 475 0.170002 0.00452585 0.0724638 3 0.959866 0
731 109.194 14.1505 0.276289 302 0.275827 0.00116567 0.593814 130 1.06392 0.00618557
732 49 6 0 1 0 0.166667 1 1 1 0
733 69.2222 11.0476 0.015873 58 0.103448 0.033046 0.52381 13 0.238095 0
735 101.556 15.8889 0.111111 8 0.048951 0 0.555556 3 0.444444 0
736 96.4304 15.7595 0.582278 66 0.0289157 0.00401606 0.949367 40 0.658228 0
737 103.447 18.5604 0.315577 1458 0.0271026 0.0119528 0.72151 333 0.28321 0.00269724
739 87.4762 16.9286 0.119048 41 0.0182841 0.0323488 0.761905 22 0.190476 0
740 73.75 14.3125 0.0625 13 0.0436681 0.0393013 0.8125 10 0 0
741 58.88 10.76 0 24 0.0185874 0.0520446 0.76 10 0 0
742 66.75 10.375 0 8 0.120482 0.0120482 0.125 1 0.375 0
744 95 18 0 2 0.0277778 0 0 0 0.5 0
745 77 11 0 3 0 0 0 0 1.33333 0
746 73.2581 14.4194 0 31 0.049217 0.00671141 0.0967742 3 0.0967742 0
747 103.133 19.3333 0 30 0 0.0431034 1.13333 19 0 0
748 111.667 19 0.666667 3 0.0175439 0 1.33333 3 1 0
751 72.9162 11.5196 0.318436 171 0.0320078 0.0387973 1.29609 145 0.240223 0.00558659
752 105.667 17.6667 0 38 0.00290276 0.0551524 1.05128 16 0.333333 0
753 68.76 9.8 0.76 22 0.0204082 0.00408163 0.76 6 1 0
755 101.114 17.0219 0.627193 207 0.0345272 0.00953363 1.01316 158 0.552632 0.0131579
756 116.609 21.2268 0.234964 1779 0.00633899 0.0118376 0.571865 311 0.353211 0.00254842
757 29 5 0 1 0 0.2 2 2 0 0
759 37 2 0 1 0 0.5 1 1 1 0
760 19.5 2.5 0 2 0.2 0 0 0 0 0
761 105.438 19.25 0.1875 16 0.038961 0.012987 0.625 7 0.1875 0
762 82.4583 10.7083 0 11 0.14786 0.0155642 0.208333 2 0.833333 0
763 99 17.8 0 5 0.0449438 0.011236 0.4 2 0.2 0
764 85.4444 17.1111 0.555556 9 0.012987 0.0194805 1 7 0.222222 0
765 76.3448 14.4138 0.37931 28 0.0191388 0 0.482759 14 0.517241 0
766 102.2 18.2 0.2 5 0.010989 0.043956 1 4 0.2 0.2
767 105.603 16.381 0 52 0.0494186 0.000968992 1.09524 11 0.968254 0.015873
768 70.6932 10.5455 0.136364 71 0.0301724 0.00215517 0.272727 18 0.909091 0
769 95.125 17.3393 0.160714 56 0.00514933 0.0195675 1.41071 43 0.160714 0
771 90.7742 16.4839 0.483871 31 0.0273973 0.00782779 0.709677 15 0.387097 0
772 88.8218 14.4929 0.112213 2595 0.00906874 0.00121915 0.180099 333 0.946683 0.00123993
773 93.8571 17.1429 0.285714 6 0.0166667 0.0333333 0.857143 6 0.428571 0
774 94.9565 18.9565 0.130435 23 0.0275229 0.016055 0.695652 13 0.173913 0.0434783
775 75 12.7885 0.282051 151 0.0746867 0.0130326 0.596154 57 0.320513 0.00641026
777 119.667 22.3333 0 3 0.0447761 0.0298507 0.666667 2 0.333333 0
778 96.2727 14.1818 0.636364 11 0.0705128 0.0128205 1.27273 14 0.727273 0
779 101.261 14.7391 0.130435 21 0.19764 0.00294985 0.173913 3 0.869565 0
781 117.125 25.9375 0 16 0 0.00722892 0.1875 2 0 0
782 80.875 16.25 0 16 0.00769231 0.0153846 0.4375 4 0.0625 0
783 119.5 26 0 2 0 0.0192308 0.5 1 0 0
784 99 16 0 1 0.0625 0 0 0 1 0
785 107.86 14.876 0.0378984 1128 0.127323 0.000752707 0.0766581 63 0.994832 0.00172265
786 68.8 11.8 0.4 5 0 0 0 0 0.8 0
788 122.37 21.2757 0.0102331 1389 0.000561137 0.000160325 0.0210347 31 0.932348 0
789 98.309 16.466 0.230434 3669 0.0386953 0.0404719 1.57352 1563 0.198358 0.00487555
790 70.2456 13.4386 0.0701754 50 0.0182768 0.0287206 0.701754 14 0.0350877 0
791 117.892 15.7385 0.415385 57 0.132942 0 0.569231 15 0.984615 0
792 37.25 7 0 4 0 0.0714286 0.25 1 0.25 0
793 58 7 0.333333 3 0.0952381 0 0 0 1 0
794 77.0152 10.7879 0.954545 30 0.00280899 0 0.560606 2 1.01515 0
795 12.5 1 0 1 1 0 0 0 0 0
796 68.7619 9.19048 0 18 0.108808 0 0 0 1 0
798 114.413 18.2174 0.478261 42 0.0668258 0.00596659 0.782609 24 0.608696 0
799 93.7857 16.1429 0.0714286 14 0.0353982 0.0176991 0.357143 5 0.5 0
800 100.667 21.5667 0.1 30 0.0015456 0.00309119 0.2 6 0.0666667 0
801 95.3962 17.4717 0.0566038 53 0.0313175 0.0161987 0.679245 26 0.377358 0
802 93.1111 14.4259 0.12037 106 0.0372272 0.0121951 0.657407 25 0.722222 0
803 116 18 0 1 0 0.0555556 1 1 1 0
804 88.627 14.246 0.0238095 84 0.0233983 0 0.214286 2 1.00794 0
805 110.428 20.4823 0.487443 3171 0.00998611 0.018362 1.08109 1115 0.300151 0.00302572
806 69.1667 12.8333 0 6 0.012987 0.025974 1 4 0 0
807 98 20 0 2 0.025 0 0 0 0.5 0
808 94.3125 16.5 0.125 16 0.0265152 0 0.375 6 0.25 0
809 58 13 0 1 0 0.0769231 1 1 0 0
810 113.111 21.1111 0.166667 18 0.0789474 0.00263158 0.555556 10 0 0
811 113.935 17.5294 0.126935 275 0.202225 0.0116567 0.609907 60 0.786378 0.0247678
813 51.6667 8.33333 0.333333 3 0 0.04 0.666667 2 0.333333 0
814 115.932 16.6439 0.719697 129 0.0427856 0 0.893939 55 1.31061 0
815 82.0754 11.3395 0.000967118 196 0.0927079 0.0000852878 0.235977 39 1.12379 0
816 101.643 16.4048 0.714286 42 0.0377358 0.00435414 1.21429 30 1 0
817 102.894 15.714 0.137387 416 0.0798337 0.00114662 0.259009 63 0.936937 0
818 89.4615 17.5385 0.153846 13 0.0394737 0.00877193 0.307692 2 0.153846 0
819 111 19.8 0.08 25 0.0323232 0.0141414 0.72 10 0.32 0
821 86.16 13.48 0.52 21 0.0267062 0.00296736 0.48 10 1.04 0
822 118.733 21.3333 0.933333 15 0.025 0 1.06667 10 0.533333 0
824 94.0952 16.0952 0.142857 17 0.0710059 0.0147929 0.380952 8 0.52381 0
825 91.8 17.2 0.2 5 0.0465116 0 0 0 0.2 0
826 102.784 16.6216 0.108108 34 0.0878049 0 0.189189 7 0.675676 0
827 103 19 0.166667 48 0.0559211 0 0.291667 9 0.5625 0.0625
828 89.9221 16.0779 0.454545 72 0.0234249 0.00323102 0.571429 24 0.415584 0
829 108 16.6154 0.538462 13 0.0694444 0.00462963 1.07692 10 0.615385 0
830 108.23 16.8197 0.52459 58 0.0350877 0.00194932 0.967213 41 1.18033 0.0163934
831 120.396 16.6458 0 19 0.0569462 0.00312891 0.0520833 4 1.90625 0
832 93.4304 17.9225 0.0172166 1376 0.00352225 0.0499119 1.34218 563 0.0652798 0.0035868
833 81 15 0 2 0.0333333 0.0333333 1 2 0.5 0
836 73.5625 13.1111 0.0763889 142 0.0370763 0.00635593 0.222222 15 0.395833 0
839 69.3529 9.41177 0.176471 37 0 0.0770833 0.843137 43 0.960784 0
840 85 13 0 1 0.0769231 0 0 0 0 0
841 98.3333 20.6667 0 3 0 0 0 0 0 0
846 110 18 0 1 0 0 0 0 1 0
850 119.845 23.1724 0.0862069 58 0.0119048 0.016369 0.827586 16 0.293103 0
851 135 18 1 1 0.0555556 0 1 1 2 0
853 90.4667 17.0889 0.266667 45 0.0156047 0.0325098 1.48889 15 0.311111 0.0222222
855 99.2024 16.9881 0.333333 83 0.0371409 0.0147162 0.785714 43 0.416667 0
858 82 9 1 1 0 0 0 0 1 0
860 81.8 11 0.6 4 0.0363636 0 0.2 1 1 0
