id defback followers friends follfriend geo listing no noavg
1 0 199 308 0.646104 1 0 21068 6.56733
2 0 36 19 1.89474 0 1 1769 0.551606
3 0 676443 739700 0.914483 1 1013 39685 12.4404
4 0 259 909 0.284929 1 6 3048 0.956385
5 0 44 118 0.372881 0 2 223 0.0700157
6 0 2514 663 3.79186 0 64 22488 7.07615
7 0 5 4 1.25 0 0 10 0.00315756
8 0 21 49 0.428571 0 3 219 0.0691943
9 1 91399 16691 5.47594 1 40 4024 1.28153
10 0 1008 513 1.96491 0 19 49370 15.7229
11 0 95 521 0.182342 1 1 249 0.0793246
12 0 10650 713 14.9369 1 229 2021 0.647964
13 0 785 586 1.33959 1 118 17498 5.69967
14 0 49 86 0.569767 1 1 2444 0.798432
15 0 34 80 0.425 0 4 17 0.00556283
16 0 1520 560 2.71429 0 113 6726 2.20742
17 1 18 139 0.129496 0 0 101 0.0339268
18 1 995 1317 0.755505 1 99 75529 25.5684
19 0 1263 1004 1.25797 0 96 14692 4.9736
20 0 116 125 0.928 1 8 3259 1.11763
21 0 5310 4843 1.09643 0 157 22783 7.91626
22 0 451 1154 0.390815 1 29 10830 3.76434
23 0 397 83 4.78313 0 29 10056 3.50017
24 0 1755 1913 0.917407 0 2 2719 0.958069
25 0 723 505 1.43168 0 61 17566 6.19393
26 0 804 296 2.71622 0 83 7570 2.67491
27 1 4 3 1.33333 0 0 34 0.012061
28 0 58 52 1.11538 1 0 897 0.318424
29 0 279 217 1.28571 1 16 16868 5.99645
30 0 25 56 0.446429 0 0 242 0.0860291
31 1 90 221 0.40724 1 3 452 0.160797
32 0 907 432 2.09954 1 12 12505 4.4869
33 0 260 328 0.792683 1 9 20443 7.35095
34 0 3 0 3 0 0 3 0.00108617
35 0 34 120 0.283333 1 3 73 0.0264397
36 0 39 66 0.590909 0 5 1735 0.635066
37 0 145 102 1.42157 1 10 1041 0.383284
38 0 219 529 0.413989 0 14 7726 2.85303
39 0 347 777 0.446589 0 7 4916 1.81805
40 0 179 315 0.568254 0 22 2161 0.800667
41 1 1 0 1 0 0 0 0
42 0 218 148 1.47297 1 16 5354 1.98886
43 0 73 88 0.829545 1 3 6866 2.55527
44 1 1 0 1 0 0 0 0
45 1 21 79 0.265823 1 0 5485 2.05662
46 0 36 207 0.173913 0 0 174 0.0655367
47 1 25 47 0.531915 0 3 101 0.0380558
48 0 42 36 1.16667 0 2 451 0.169996
49 0 118 382 0.308901 1 10 8659 3.26508
50 0 236 427 0.552693 0 4 4862 1.83541
51 0 858 324 2.64815 1 67 21687 8.20234
52 0 80 160 0.5 0 2 648 0.245083
53 0 739 118 6.26271 1 33 35752 13.5887
54 1 19 3 6.33333 0 0 1 0.000380228
55 0 86 212 0.40566 0 2 1108 0.421774
56 1 12 46 0.26087 1 0 17 0.00647372
57 0 105 447 0.234899 0 6 386 0.147104
58 0 127 266 0.477444 0 2 2343 0.893252
59 1 44 31 1.41935 0 1 45 0.0171559
60 0 1464 616 2.37662 0 16 392 0.149561
61 0 531 807 0.657993 0 55 28943 11.0893
62 0 347 1941 0.178774 0 16 16933 6.49023
63 0 112 76 1.47368 1 2 814 0.312476
64 0 16 37 0.432432 0 0 1310 0.503652
65 1 0 13 0 0 0 24 0.00924499
66 0 282 323 0.873065 1 17 8369 3.22629
67 0 126 152 0.828947 1 2 14829 5.74767
68 0 275 119 2.31092 0 24 1446 0.5609
69 0 199 427 0.466042 0 5 1617 0.627961
70 1 6 5 1.2 0 0 18 0.00700935
71 0 239 327 0.730887 1 17 2411 0.939595
72 0 897 70 12.8143 1 6 2550 0.994152
73 0 1616 398 4.0603 1 59 10623 4.14799
74 0 278 390 0.712821 0 12 1895 0.739945
75 0 182 177 1.02825 0 8 3118 1.21987
76 0 14 16 0.875 0 0 47 0.0184314
77 0 148 211 0.701422 0 2 10835 4.27248
78 1 43 187 0.229947 1 0 290 0.114398
79 0 99 101 0.980198 0 2 1717 0.677852
80 1 3 0 3 0 0 7 0.00277008
81 0 419 1718 0.243888 1 14 8406 3.33571
82 0 263 288 0.913194 1 28 1758 0.697896
83 0 44 54 0.814815 0 3 2589 1.02861
84 1 6 8 0.75 0 0 3 0.00119332
85 0 310811 2651 117.243 1 1114 43738 17.4186
86 0 282 784 0.359694 1 3 4206 1.6757
87 0 45 205 0.219512 0 1 41 0.0163477
88 0 123 158 0.778481 1 4 3944 1.57445
89 1 50 149 0.33557 1 1 313 0.1251
90 0 35 63 0.555556 0 3 301 0.120496
91 0 31 40 0.775 0 4 1865 0.748095
92 0 303 581 0.521515 0 7 9960 4
93 0 4 16 0.25 0 0 11 0.00442122
94 0 22 80 0.275 0 2 16 0.00643087
95 0 128 391 0.327366 1 7 1 0.000401929
96 0 57 207 0.275362 0 1 2894 1.16412
97 0 328 745 0.440268 1 15 3169 1.27525
98 0 1013 578 1.7526 1 87 11467 4.6182
99 0 320 1215 0.263374 1 26 2535 1.02259
100 0 1 13 0.0769231 0 1 5 0.00201694
101 0 75 175 0.428571 1 4 1382 0.557708
102 0 50 38 1.31579 1 1 16 0.00645682
103 0 681 654 1.04128 1 42 10728 4.3293
104 1 17 154 0.11039 0 0 30 0.0121114
105 0 51 150 0.34 0 1 258 0.1042
106 1 58 123 0.471545 0 1 8 0.00323102
107 0 442 652 0.677914 0 19 7341 2.96486
108 0 112 323 0.346749 0 11 5003 2.02551
109 0 185 256 0.722656 0 0 224 0.0906883
110 0 67 351 0.190883 1 0 2128 0.862936
111 0 31 58 0.534483 0 0 901 0.365369
112 0 95 121 0.785124 1 1 2637 1.06934
113 0 78 239 0.32636 1 0 3546 1.43796
114 0 391 325 1.20308 1 60 11963 4.85314
115 1 18 12 1.5 0 0 286 0.116071
116 0 153 332 0.460843 0 9 11656 4.73052
117 0 279 382 0.730366 1 26 12685 5.15022
118 0 95 92 1.03261 1 3 1115 0.4527
119 0 406 1011 0.401583 1 11 7899 3.20837
120 0 300 217 1.38249 0 14 347 0.140942
121 0 28 14 2 1 1 1251 0.508123
122 1 59 243 0.242798 1 3 1775 0.721252
123 0 32 81 0.395062 0 0 869 0.353108
124 0 366 467 0.783726 1 10 5934 2.4122
125 0 259 1960 0.132143 1 2 611 0.248576
126 0 87 326 0.266871 0 0 858 0.349064
127 0 5 19 0.263158 0 0 66 0.0268511
128 0 11 79 0.139241 0 1 120 0.0488202
130 1 4 0 4 0 0 0 0
131 1 23 91 0.252747 0 1 38 0.015466
132 1 17 192 0.0885417 0 0 11 0.00448431
133 0 26 35 0.742857 0 1 90 0.0366898
134 1 10 12 0.833333 0 0 3 0.00122299
135 0 432 1003 0.430708 1 6 1267 0.51651
136 1 6 13 0.461538 0 0 31 0.0126427
137 0 516 2045 0.252323 0 17 9686 3.95024
138 0 462 177 2.61017 1 17 19694 8.03181
139 0 113 220 0.513636 0 4 3573 1.45718
140 1 55 107 0.514019 0 1 2321 0.947347
141 1 28 343 0.0816327 0 1 33 0.0134694
142 1 16 120 0.133333 0 0 0 0
143 0 219 580 0.377586 0 15 2227 0.909722
144 1 3 5 0.6 0 0 7 0.00286065
145 1 3 0 3 0 0 2 0.000817327
146 0 14 22 0.636364 0 0 45 0.0183899
147 1 27 44 0.613636 0 2 341 0.139411
148 0 68 101 0.673267 1 4 1984 0.81112
149 1 40 410 0.097561 0 0 333 0.136196
150 0 19 37 0.513514 0 1 85 0.0347648
151 1 5 7 0.714286 0 0 14 0.00574006
152 0 16 38 0.421053 0 0 584 0.239442
153 1 22 244 0.0901639 0 0 88 0.0360952
154 0 10 19 0.526316 0 0 48 0.0196963
155 0 41 178 0.230337 0 1 567 0.232759
156 0 1 6 0.166667 0 0 1 0.000411015
157 0 154 413 0.372881 0 0 6087 2.50288
158 0 60 78 0.769231 1 0 171 0.0703125
159 0 259 349 0.74212 1 23 1314 0.540296
160 0 44 24 1.83333 0 0 4 0.00164474
161 1 23 79 0.291139 0 0 2461 1.01276
162 0 225 406 0.554187 1 10 1787 0.735997
163 0 42 28 1.5 0 3 522 0.214992
164 0 4 4 1 1 0 9 0.00370675
165 1 11 116 0.0948276 1 0 27 0.0111203
166 1 3 11 0.272727 0 0 5 0.00206016
167 1 1 18 0.0555556 0 0 1 0.000412031
168 0 0 3 0 0 0 2 0.000824742
169 0 55 34 1.61765 0 0 75 0.0309406
170 0 117 177 0.661017 0 1 221 0.0911716
171 1 23 45 0.511111 1 0 14 0.00577796
172 0 30 97 0.309278 0 0 207 0.0854313
173 0 25 20 1.25 1 0 352 0.145334
174 1 2 7 0.285714 0 0 1 0.000413052
175 0 30 108 0.277778 0 0 159 0.0656753
176 0 48 255 0.188235 0 0 32 0.0132231
177 0 275 249 1.10442 1 4 10856 4.48595
178 0 82 135 0.607407 1 14 401 0.165771
179 1 3 2 1.5 0 0 2 0.000826788
180 0 3 9 0.333333 0 0 41 0.0169492
181 0 800 2323 0.344382 1 13 924 0.382134
182 1 919 2170 0.423502 0 4 1067 0.441274
183 0 533 149 3.57718 0 15 19204 7.9421
184 0 64 183 0.349727 0 0 508 0.210178
185 1 26 174 0.149425 0 0 25 0.0103477
186 1 2 3 0.666667 0 0 1 0.000413907
187 0 458 88 5.20455 0 2 296 0.122567
188 0 20 157 0.127389 0 0 85 0.0352259
189 0 80 62 1.29032 1 1 451 0.187059
190 0 915 324 2.82407 1 85 1378 0.571784
191 0 77 240 0.320833 0 3 488 0.202658
192 0 417 1095 0.380822 0 15 4440 1.84385
193 0 112 199 0.562814 0 3 130 0.0539867
194 1 35 143 0.244755 1 0 0 0
195 0 4 9 0.444444 0 0 3 0.00124636
196 0 36 191 0.188482 0 3 1315 0.54655
197 0 1134 1055 1.07488 1 14 3089 1.28387
198 1 13 10 1.3 0 0 423 0.175884
199 1 2 4 0.5 0 0 11 0.0045738
200 0 233 304 0.766447 1 3 117 0.0486689
201 1 3 19 0.157895 1 0 7 0.00291424
202 0 5 26 0.192308 0 0 752 0.313072
203 0 33 214 0.154206 0 2 125 0.0520616
204 1 2 15 0.133333 1 0 46 0.0191587
205 1 18 12 1.5 0 1 4 0.00166667
206 0 18 21 0.857143 0 0 7 0.00291788
207 0 4 8 0.5 0 0 2 0.000833681
208 0 237 371 0.638814 1 0 4052 1.69256
209 1 7 4 1.75 0 0 2 0.000835422
210 1 6 3 2 0 0 2 0.000835422
211 1 8 26 0.307692 1 0 234 0.0977852
212 0 357 354 1.00847 1 4 1641 0.68575
213 1 10 60 0.166667 0 0 31 0.0129545
214 0 5 16 0.3125 0 0 7 0.00292765
215 0 50 59 0.847458 0 3 115 0.048097
216 0 39 80 0.4875 0 0 547 0.22887
217 0 1 0 1 0 0 0 0
218 0 35 69 0.507246 0 2 244 0.102263
219 0 139 395 0.351899 0 0 577 0.241827
220 0 203 482 0.421162 0 6 133 0.0557652
221 0 3 35 0.0857143 0 0 16 0.00671423
222 0 63 257 0.245136 1 0 846 0.355313
223 1 2 3 0.666667 0 0 1 0.000420168
224 0 12 86 0.139535 0 1 79 0.0332072
225 0 180 425 0.423529 0 3 872 0.366695
226 0 101 262 0.385496 0 2 1220 0.513036
227 1 11 17 0.647059 0 0 101 0.0424905
228 0 308 103 2.99029 1 5 4918 2.06987
229 1 4 35 0.114286 0 0 87 0.036647
230 0 62 69 0.898551 0 1 48 0.0202276
231 0 71 280 0.253571 0 2 1165 0.491354
232 1 2 19 0.105263 0 0 105 0.0442851
233 0 1437 1398 1.0279 1 10 3001 1.26678
234 0 84 932 0.0901288 0 0 78 0.0329253
235 1 10 41 0.243902 0 0 3 0.00126743
236 1 9 5 1.8 0 0 76 0.0321082
237 0 155 23 6.73913 0 4 3037 1.28306
238 0 83 244 0.340164 1 3 4185 1.76806
239 0 613 678 0.90413 0 8 44618 18.8739
240 1 7 63 0.111111 0 0 57 0.0241321
241 0 70 328 0.213415 1 0 185 0.0783235
242 0 71 176 0.403409 0 8 144 0.061017
243 0 7 12 0.583333 0 0 14 0.0059322
244 0 192 798 0.240602 1 7 1686 0.714407
245 1 8 11 0.727273 0 0 2 0.000847817
246 0 8297 1987 4.17564 0 21 2529 1.07297
247 0 5 17 0.294118 0 0 37 0.0157046
248 0 4 30 0.133333 0 0 7 0.00297114
249 0 18 24 0.75 0 0 200 0.0849257
250 1 49 379 0.129288 0 0 378 0.16051
251 0 119 570 0.208772 0 0 25 0.0106157
252 0 61 114 0.535088 0 0 369 0.156821
253 1 2 2 1 0 0 1 0.00042517
254 1 5 42 0.119048 0 0 10 0.00425713
255 0 58 184 0.315217 1 1 4036 1.71891
256 0 24 93 0.258065 0 2 565 0.240733
257 0 41 106 0.386792 1 0 738 0.314444
258 0 36 53 0.679245 1 0 144 0.0613811
259 0 693 472 1.46822 1 32 42651 18.1803
260 0 379 252 1.50397 0 4 532 0.226962
261 0 566 659 0.858877 0 19 1738 0.742101
262 0 220 1063 0.206961 1 9 1831 0.782144
263 1 100 303 0.330033 0 1 3966 1.69487
264 0 169 282 0.599291 0 8 2833 1.21068
265 0 43 115 0.373913 1 0 712 0.304404
266 1 140 90 1.55556 0 1 91 0.0389555
267 0 34 141 0.241135 1 2 132 0.0565553
268 1 5 23 0.217391 0 1 73 0.0313036
269 1 14 122 0.114754 0 0 56 0.024024
270 0 322 367 0.877384 1 3 10185 4.36937
271 0 109 158 0.689873 0 1 1627 0.698283
272 0 339 630 0.538095 0 10 4752 2.04036
273 0 628 1026 0.612086 1 4 1517 0.652473
274 1 5 24 0.208333 0 0 18 0.00776867
275 0 212 602 0.352159 1 6 163 0.07038
276 0 221 337 0.655786 1 0 1247 0.539593
277 0 260 1645 0.158055 0 5 508 0.219913
278 1 6 11 0.545455 0 0 2 0.000866176
279 1 93 449 0.207127 0 0 251 0.108894
280 0 3 33 0.0909091 0 0 19 0.00824295
281 0 16 57 0.280702 0 0 193 0.0838037
282 1 4 30 0.133333 1 2 21 0.00912647
283 0 1635 2004 0.815868 1 34 16553 7.20949
284 0 95 297 0.319865 0 2 710 0.309638
285 1 3 4 0.75 0 0 10 0.00437254
286 0 49 68 0.720588 0 1 6426 2.80979
287 1 1 1 1 0 0 1 0.000438212
288 0 91 228 0.399123 0 1 390 0.171203
289 1 7 12 0.583333 0 0 7 0.00307287
290 0 48 254 0.188976 1 1 1946 0.855009
291 0 5 34 0.147059 0 0 27 0.0118629
292 0 2 3 0.666667 0 0 0 0
293 1 14 33 0.424242 0 0 301 0.132951
294 1 28 261 0.10728 0 0 81 0.0359521
295 0 1015 1702 0.596357 0 28 2836 1.25988
296 0 85 180 0.472222 0 1 175 0.0778816
297 1 61 391 0.15601 1 0 974 0.433467
298 1 99 200 0.495 1 8 421 0.187444
299 0 60 173 0.346821 0 1 196 0.087461
300 1 18 78 0.230769 0 0 198 0.0883929
301 0 75 215 0.348837 1 1 1515 0.682432
302 0 0 0 0 0 0 0 0
303 0 1999 498 4.01406 1 124 21965 9.912
304 1 4 6 0.666667 0 0 9 0.00406321
305 1 7 7 1 0 1 4 0.0018075
306 1 3 14 0.214286 0 0 13 0.00588235
307 0 169 836 0.202153 0 0 257 0.116659
308 0 70 82 0.853659 0 0 637 0.289414
309 0 303 621 0.487923 1 1 2952 1.34243
310 0 92 11 8.36364 0 5 93 0.0423883
311 0 9 17 0.529412 0 0 472 0.216713
312 1 10 26 0.384615 1 0 23 0.010565
313 1 11 92 0.119565 0 0 9 0.00414938
314 0 127 87 1.45977 1 2 12721 5.87575
315 1 75 165 0.454545 0 0 849 0.394884
316 1 286 1355 0.21107 0 1 654 0.305037
317 1 2753 2296 1.19904 1 22 26742 12.4963
319 0 145 441 0.328798 1 12 350 0.164242
320 1 1 2 0.5 0 0 1 0.000471254
321 0 8784 2366 3.71259 0 247 15078 7.10556
322 0 349 966 0.361284 1 27 23911 11.3001
323 0 47 60 0.783333 0 0 583 0.27578
324 0 6 23 0.26087 0 0 10 0.00474158
325 1 103 112 0.919643 0 1 370 0.175522
326 1 16 340 0.0470588 0 0 39 0.0185449
327 1 69 55 1.25455 0 0 10 0.00475964
328 1 219 1974 0.110942 1 1 2006 0.954783
329 1 1 18 0.0555556 0 0 2 0.000952835
330 1 1 1 1 0 0 2 0.000953743
331 0 52 95 0.547368 0 1 116 0.0553435
332 1 31 10 3.1 0 0 445 0.212919
333 1 74 144 0.513889 1 1 13 0.00622605
334 0 681 434 1.56912 1 2 72 0.0345324
335 0 98 156 0.628205 0 4 498 0.238964
336 1 243 289 0.84083 0 13 3404 1.63497
337 1 5 3 1.66667 0 0 0 0
338 1 1 0 1 0 0 0 0
339 0 83 188 0.441489 0 0 191 0.092226
340 1 20 105 0.190476 0 0 54 0.0260744
341 0 291 276 1.05435 1 1 1337 0.645582
342 0 1 15 0.0666667 0 0 14 0.00676983
343 0 33 178 0.185393 1 0 246 0.11965
344 0 32 152 0.210526 0 0 455 0.222277
345 0 13588 153 88.8105 1 9 49414 24.1633
346 0 33 80 0.4125 0 0 196 0.0966469
347 0 413 632 0.653481 0 12 6524 3.22173
348 0 1884 454 4.14978 0 40 4608 2.27893
349 0 117 429 0.272727 0 1 1704 0.849875
350 1 6 15 0.4 0 0 3 0.0015083
351 0 265 211 1.25592 0 13 1264 0.636135
352 0 206 642 0.320872 1 12 7690 3.88384
353 0 45 142 0.316901 0 0 7 0.0035443
354 0 740 636 1.16352 1 5 1380 0.702648
355 0 22 29 0.758621 0 0 141 0.0721228
356 0 1038 2062 0.503395 1 71 4749 2.43164
357 1 37 283 0.130742 0 2 678 0.347871
358 0 1 21 0.047619 0 0 5 0.00256542
359 0 88 380 0.231579 0 2 1557 0.798871
360 0 39 67 0.58209 0 1 23 0.0118191
361 0 216 444 0.486486 1 0 2352 1.20925
362 1 0 32 0 0 0 3 0.00154639
363 0 12 45 0.266667 0 0 572 0.294997
364 0 27 43 0.627907 1 1 15 0.00773595
365 0 20 107 0.186916 0 1 35 0.0180599
366 1 4 15 0.266667 0 0 91 0.0470041
367 0 133 246 0.54065 0 2 7126 3.68269
368 0 16 71 0.225352 0 0 81 0.0418605
369 0 3 13 0.230769 0 0 31 0.016029
370 1 5 55 0.0909091 0 0 96 0.049974
371 0 313 360 0.869444 0 2 2108 1.10136
372 1 8 46 0.173913 0 0 1 0.000523286
373 0 128 301 0.425249 0 2 1537 0.806401
374 1 5 8 0.625 0 0 1160 0.610848
375 1 206 674 0.305638 0 0 140 0.073723
376 1 5 44 0.113636 0 0 23 0.012118
377 1 6 28 0.214286 0 0 18 0.00948367
378 1 69 26 2.65385 0 0 7 0.00369588
379 0 546 684 0.798246 1 24 8377 4.42525
380 0 505 942 0.536093 0 3 2236 1.18182
381 0 61 219 0.278539 0 3 54 0.0286169
382 1 5 73 0.0684932 0 0 62 0.0329963
383 1 45 196 0.229592 1 0 217 0.115672
384 1 20 46 0.434783 0 0 12 0.0064
385 1 4 9 0.444444 0 0 18 0.00961025
386 0 255 502 0.507968 1 14 2189 1.17815
387 0 444 416 1.06731 0 0 2859 1.54374
388 1 11 13 0.846154 0 0 53 0.0286641
389 0 58 24 2.41667 0 2 176 0.0951866
390 1 19 32 0.59375 0 0 2 0.00108225
391 1 61 220 0.277273 1 0 1959 1.06294
392 1 1 1 1 0 0 0 0
393 1 9 9 1 0 0 1 0.000547645
394 1 26 40 0.65 0 0 345 0.189456
395 0 92 117 0.786325 0 13 1781 0.978034
396 0 197 218 0.90367 1 0 3001 1.64981
397 1 74 281 0.263345 0 7 1387 0.762507
398 0 117 429 0.272727 0 2 1210 0.665567
399 1 49 59 0.830508 0 3 115 0.063571
400 1 78 179 0.435754 1 2 1491 0.830178
401 1 3 2 1.5 0 0 0 0
402 1 44 83 0.53012 1 0 14 0.0078125
403 0 896 999 0.896897 1 9 11495 6.4182
404 1 32 72 0.444444 0 0 291 0.16257
405 1 1 3 0.333333 0 0 16 0.00894855
406 0 185 589 0.314092 1 8 691 0.387115
407 1 13 200 0.065 1 1 156 0.0875421
408 1 5 112 0.0446429 0 2 132 0.0741157
409 0 82 57 1.4386 0 2 373 0.210023
410 1 4 19 0.210526 0 0 45 0.0253521
411 1 1 0 1 0 0 0 0
412 0 8 170 0.0470588 1 0 197 0.111174
413 0 57 62 0.919355 0 1 430 0.242938
414 1 590 899 0.656285 1 12 2170 1.23016
415 1 48 104 0.461538 0 0 726 0.413911
416 0 291 385 0.755844 1 4 1482 0.84589
417 0 14 56 0.25 0 0 91 0.052
418 0 346 169 2.04734 1 2 311 0.178019
419 1 7 52 0.134615 0 0 8 0.00458979
420 1 43 141 0.304965 0 6 4083 2.34251
421 0 9 28 0.321429 0 0 23 0.0132412
422 0 207 229 0.90393 1 0 578 0.332949
423 1 6 13 0.461538 0 2 20 0.011534
424 1 366 893 0.409854 1 7 2241 1.29388
425 0 31 171 0.181287 0 0 1116 0.645087
426 0 52 15 3.46667 0 0 19 0.0109954
427 0 173 393 0.440204 0 10 5704 3.30858
428 0 77 232 0.331897 1 4 1689 0.981406
429 1 10 16 0.625 0 0 91 0.0528762
430 0 177 210 0.842857 1 2 1193 0.695221
431 1 91 855 0.106433 0 0 1403 0.820468
432 0 55 253 0.217391 1 1 444 0.260411
433 0 55 636 0.086478 0 1 241 0.142099
434 1 2 2 1 0 0 10 0.0058997
435 0 149 233 0.639485 0 7 3716 2.20796
436 0 3 16 0.1875 0 0 295 0.175386
437 0 104 742 0.140162 0 3 6 0.0035693
438 1 106 207 0.512077 0 0 822 0.492806
439 0 40 87 0.45977 0 0 157 0.0942377
440 0 1 2 0.5 0 0 0 0
441 1 47 57 0.824561 0 4 365 0.219351
442 1 14 130 0.107692 1 0 58 0.0348977
443 1 7 53 0.132075 0 0 3 0.00180941
444 1 16 7 2.28571 0 0 0 0
445 1 130 124 1.04839 0 3 4841 2.92684
446 0 3 150 0.02 0 0 15 0.00910747
447 1 14 169 0.0828402 0 2 72 0.0437158
448 1 1038 2270 0.457269 1 38 5649 3.43613
449 1 168 618 0.271845 0 1 557 0.33922
450 0 505 1302 0.387865 1 16 1381 0.843101
451 1 58 123 0.471545 0 0 325 0.198534
452 0 1616 1955 0.826598 1 7 10977 6.7261
453 0 461 588 0.784014 1 13 4533 2.79126
454 0 715 1014 0.705128 0 18 490 0.302656
455 1 23 59 0.38983 0 0 8 0.00494438
456 1 49 224 0.21875 0 0 812 0.50341
457 0 11 10 1.1 0 0 6 0.00372208
458 1 1 1 1 0 0 0 0
459 1 5 11 0.454545 0 1 75 0.0465838
460 1 5 76 0.0657895 0 0 16 0.00995025
461 0 310 662 0.468278 0 6 1138 0.709919
462 0 254 349 0.727794 1 1 2311 1.44438
463 1 7 52 0.134615 0 0 0 0
464 1 8 20 0.4 0 0 38 0.0238245
465 0 3 13 0.230769 0 0 15 0.00941029
466 1 21 121 0.173554 0 0 220 0.138452
467 1 16 39 0.410256 0 1 115 0.0726928
468 0 251 445 0.564045 0 5 1278 0.808349
469 0 41 128 0.320312 0 1 174 0.110266
470 1 6 34 0.176471 0 0 9 0.00571429
471 0 319 303 1.05281 1 0 961 0.610934
473 1 17 25 0.68 0 0 11 0.00700637
474 0 25 68 0.367647 0 0 465 0.296367
475 1 1 0 1 0 0 1 0.00063857
476 0 28 358 0.0782123 1 1 380 0.243122
477 0 41 27 1.51852 0 0 464 0.298201
478 0 836 1110 0.753153 0 69 4993 3.213
479 0 9 30 0.3 0 2 543 0.350323
480 1 1 0 1 0 0 13 0.0083871
481 0 38 21 1.80952 0 1 1522 0.983204
482 1 11 15 0.733333 0 1 326 0.211414
483 1 2 4 0.5 0 0 2 0.00131148
484 0 7 27 0.259259 0 0 64 0.0420223
485 0 703 1227 0.572942 1 9 4513 2.96713
486 1 15 60 0.25 0 3 13 0.00855826
487 0 6 42 0.142857 0 0 4005 2.63834
488 0 13 52 0.25 0 1 105 0.06917
489 1 80 76 1.05263 1 0 281 0.185479
490 1 18 257 0.0700389 1 0 6 0.00397351
491 1 58 432 0.134259 0 2 99 0.0662207
492 0 92 144 0.638889 0 2 970 0.649699
493 0 257 235 1.09362 1 2 486 0.326833
494 0 140 201 0.696517 1 0 4427 2.97714
495 1 9 79 0.113924 0 0 44 0.0296696
496 1 4 77 0.0519481 0 0 84 0.056872
497 1 8 12 0.666667 0 0 0 0
498 1 16 32 0.5 0 0 13 0.00885559
499 1 5 26 0.192308 1 0 46 0.0313993
500 1 413 2088 0.197797 0 39 10011 6.89938
501 1 23 31 0.741935 0 0 21 0.0144728
502 1 0 8 0 0 0 3 0.00206897
503 1 33 242 0.136364 0 0 26 0.0180556
504 0 602 1600 0.37625 0 10 177 0.123002
505 1 6 9 0.666667 0 0 19 0.0132404
506 0 35602 7 5086 1 331 82 0.0573427
507 1 9 41 0.219512 0 0 3 0.00209937
508 1 109 256 0.425781 0 2 164 0.114846
509 0 488 2570 0.189883 0 20 1534 1.07649
510 1 6 43 0.139535 0 0 84 0.0589888
511 1 42 90 0.466667 0 1 472 0.33216
512 0 46 217 0.211982 1 0 239 0.16831
513 1 12 8 1.5 0 0 0 0
514 1 3 6 0.5 0 0 16 0.0113556
515 0 24 221 0.108597 0 0 310 0.221429
516 0 89 152 0.585526 1 0 145 0.104167
517 1 28 7 4 0 0 0 0
518 1 5 8 0.625 0 0 1 0.000720981
519 1 11 20 0.55 0 0 4 0.00288809
520 0 89 50 1.78 0 0 2978 2.15641
521 0 156 472 0.330508 0 2 947 0.687228
522 1 78 136 0.573529 0 2 45 0.0326797
523 0 17 83 0.204819 0 0 160 0.116279
524 1 9 70 0.128571 0 0 52 0.0381232
525 0 109 254 0.429134 0 0 65 0.047654
526 1 7 72 0.0972222 0 0 177 0.129956
527 1 1 1 1 0 0 29 0.0214815
528 0 107 588 0.181973 1 1 135 0.100074
529 1 193 499 0.386774 0 12 869 0.645137
530 1 6 5 1.2 0 0 0 0
531 1 394 582 0.676976 0 1 4156 3.09226
532 1 6 14 0.428571 0 0 0 0
533 0 151 6 25.1667 0 2 2 0.00150263
534 0 28 108 0.259259 0 0 390 0.293013
535 1 5 20 0.25 1 0 1 0.00075188
536 0 90 192 0.46875 0 2 396 0.30137
537 1 79 160 0.49375 0 4 733 0.561256
538 1 9 64 0.140625 0 0 150 0.115652
539 0 583 525 1.11048 1 1 10964 8.4795
540 1 33 337 0.0979228 1 0 94 0.0726992
541 1 2 31 0.0645161 0 0 32 0.0249415
542 1 349 331 1.05438 1 0 5378 4.19828
543 1 242 89 2.7191 1 0 2339 1.83164
544 1 13 97 0.134021 0 1 4 0.00314218
545 1 49 85 0.576471 0 2 54 0.042654
546 0 9 73 0.123288 0 0 52 0.0410742
547 1 783 666 1.17568 1 3 5238 4.14399
548 1 5 14 0.357143 0 0 0 0
549 1 113 315 0.35873 0 27 9432 7.49166
550 0 40 93 0.430108 0 0 3 0.00238284
551 0 11 23 0.478261 0 0 105 0.0834658
552 0 7 85 0.0823529 1 0 459 0.365737
553 1 21 234 0.0897436 0 0 329 0.264895
554 1 8 21 0.380952 0 0 589 0.474617
555 1 11 87 0.126437 0 0 34 0.0274859
556 1 1 1 1 0 0 8 0.00647773
557 1 0 2 0 0 0 5 0.00405515
558 1 4 9 0.444444 0 0 0 0
559 0 41 141 0.29078 0 0 808 0.656911
560 0 301 301 1 0 2 0 0
561 0 83 74 1.12162 0 6 611 0.499183
562 0 13 257 0.0505837 0 0 43 0.035596
563 0 3782 394 9.59898 0 59 10755 8.92531
564 1 5 43 0.116279 0 0 101 0.0843072
565 1 9 97 0.0927835 0 2 373 0.311612
566 0 225 419 0.536993 1 1 843 0.704849
567 1 0 8 0 1 0 4 0.00335289
568 0 1295 1905 0.67979 0 0 1950 1.63591
569 1 44 229 0.19214 0 0 29 0.0243289
570 0 314 588 0.534014 0 4 3049 2.5665
571 1 1 8 0.125 0 0 0 0
572 1 111 123 0.902439 0 1 1889 1.59544
573 0 99 1071 0.092437 0 0 203 0.172472
574 0 7 30 0.233333 0 0 84 0.0717949
575 1 2 2 1 0 0 73 0.0625536
576 1 10 52 0.192308 0 0 17 0.0145923
577 0 7 2 3.5 0 0 0 0
578 1 5 0 5 0 0 1 0.000860585
579 1 51 110 0.463636 1 0 493 0.426102
580 1 57 93 0.612903 1 3 331 0.28658
581 1 4 15 0.266667 0 0 7 0.0061296
582 0 93 567 0.164021 1 1 416 0.364592
583 1 10 56 0.178571 0 1 20 0.0176211
584 1 0 3 0 0 0 2 0.00176211
585 1 3 19 0.157895 0 0 2 0.00176367
586 1 35 496 0.0705645 0 0 577 0.509267
587 1 3 14 0.214286 0 0 1 0.000884173
588 1 63 245 0.257143 1 0 829 0.734278
589 0 47 187 0.251337 1 1 137 0.121454
590 0 1386 161 8.6087 0 1 348 0.309884
591 0 5 42 0.119048 0 0 37 0.0330062
592 0 330 1287 0.25641 0 2 742 0.664279
593 0 1650 1346 1.22585 1 12 7630 6.84305
594 0 4 32 0.125 0 0 57 0.0513513
595 0 1197 1645 0.72766 0 11 7099 6.45951
596 0 314 368 0.853261 1 1 4410 4.06077
597 1 3 57 0.0526316 1 1 26 0.0242991
598 0 21 62 0.33871 0 0 40 0.0373832
599 1 705 872 0.808486 0 15 1123 1.04953
600 0 46 310 0.148387 0 2 390 0.366197
601 1 3 0 3 0 0 0 0
602 0 79 127 0.622047 0 1 1283 1.21381
603 1 142 1948 0.0728953 0 1 38 0.0359848
604 0 118 410 0.287805 1 2 195 0.184659
605 1 8 34 0.235294 0 0 30 0.0286533
606 0 817 802 1.0187 0 7 2753 2.63193
607 0 0 6 0 0 0 6 0.00573614
608 1 14 67 0.208955 0 0 213 0.204611
609 1 36 189 0.190476 0 2 715 0.690821
611 1 57 101 0.564356 0 9 530 0.518084
612 1 2 8 0.25 0 0 2 0.00195695
613 1 254 486 0.522634 0 5 2195 2.16043
614 1 17 35 0.485714 0 0 56 0.0555005
615 1 22 37 0.594595 0 0 5 0.00496032
616 1 16 172 0.0930233 0 0 8 0.00798403
617 1 105 411 0.255474 0 0 1076 1.08032
618 0 30 40 0.75 0 3 364 0.365829
619 0 22 201 0.109453 0 0 243 0.246701
620 0 185 131 1.41221 0 1 2756 2.80081
621 1 5 14 0.357143 0 0 7 0.00713558
622 1 7 11 0.636364 1 0 23 0.0235656
623 1 43 136 0.316176 1 0 585 0.599385
624 1 6 7 0.857143 0 0 0 0
625 0 4 53 0.0754717 0 0 40 0.0412371
626 1 1 2 0.5 0 0 19 0.0196891
627 1 6 57 0.105263 0 0 86 0.0892116
628 1 7 0 7 0 0 50 0.0519751
629 1 85 217 0.391705 0 2 98 0.10219
630 1 6 17 0.352941 0 0 5 0.00521921
631 1 1 0 1 0 0 0 0
632 1 9 67 0.134328 0 0 11 0.0117396
633 1 950 1417 0.67043 1 16 14265 15.273
634 1 11 31 0.354839 0 0 7 0.00750268
635 0 94 273 0.344322 1 15 2537 2.73679
636 0 16 57 0.280702 0 0 25 0.0269687
637 1 4 15 0.266667 0 0 4 0.00431965
638 0 44 282 0.156028 0 2 369 0.399783
639 0 33 143 0.230769 0 0 249 0.273326
640 0 141 1976 0.0713563 0 2 46 0.0505495
641 0 244 900 0.271111 0 2 604 0.665932
642 1 2 2 1 0 0 0 0
643 1 2 14 0.142857 0 0 10 0.0111732
644 1 28 134 0.208955 1 0 336 0.375839
645 1 10 12 0.833333 0 0 3 0.00337838
646 1 12 38 0.315789 0 0 3 0.00338983
647 1 1 0 1 0 0 0 0
648 1 2 2 1 0 0 0 0
649 1 57 189 0.301587 1 5 1500 1.69875
650 0 71 215 0.330233 0 1 4076 4.62132
651 0 43 50 0.86 0 1 18 0.0209059
652 0 4111 3762 1.09277 1 34 397 0.462704
653 1 42 41 1.02439 1 1 2116 2.47196
654 1 17 162 0.104938 0 0 17 0.0201183
655 0 0 0 0 1 1 0 0
656 1 3 2 1.5 1 1 45 0.0542169
657 0 24 84 0.285714 0 0 237 0.288672
658 1 42 478 0.0878661 0 1 495 0.607362
659 0 20 81 0.246914 0 0 10 0.0123305
660 0 66 272 0.242647 0 1 499 0.617574
661 1 1 0 1 0 0 0 0
662 1 11 18 0.611111 0 0 2 0.00251889
663 0 13 54 0.240741 0 0 3 0.0037831
664 1 2 3 0.666667 0 0 18 0.0229299
665 1 4 60 0.0666667 0 0 2 0.00255102
666 0 6 18 0.333333 0 0 86 0.109834
667 1 912 714 1.27731 1 4 1723 2.20332
668 1 4 19 0.210526 0 0 2 0.00258398
669 1 7 42 0.166667 0 0 262 0.339818
670 1 36 57 0.631579 0 6 50 0.0652741
671 0 682 1304 0.523006 0 12 501 0.661823
672 1 592 518 1.14286 1 8 21397 28.8369
673 1 5 44 0.113636 0 0 9 0.0121294
674 1 6 107 0.0560748 0 0 278 0.373656
675 1 189 456 0.414474 0 6 117 0.15747
676 1 5 20 0.25 0 0 3 0.00404313
677 0 39 49 0.795918 0 0 415 0.565395
678 0 35 323 0.108359 0 0 691 0.94528
679 1 58 339 0.171091 0 3 1195 1.67602
680 1 2 2 1 1 0 1 0.00141243
681 1 64 241 0.26556 0 1 377 0.531735
682 1 9 16 0.5625 0 0 108 0.152758
683 1 1 22 0.0454545 0 0 7 0.0100575
684 1 14 64 0.21875 0 0 16 0.0230216
685 0 487 632 0.77057 0 22 13154 18.9812
686 0 6 30 0.2 0 0 855 1.24818
687 0 26 125 0.208 0 0 87 0.127193
688 1 72 292 0.246575 0 0 118 0.173785
689 0 15 28 0.535714 0 0 35 0.0516224
690 1 4 7 0.571429 0 0 2 0.00296296
691 0 52 110 0.472727 0 1 696 1.03264
692 0 3614 3632 0.995044 0 297 10881 16.1439
693 1 7 28 0.25 0 1 108 0.160954
694 1 9 31 0.290323 0 0 16 0.0238806
695 0 6 58 0.103448 0 2 70 0.10479
696 1 99 78 1.26923 0 0 437 0.66112
697 1 5 28 0.178571 0 0 4 0.00606061
698 1 4 2 2 0 0 6 0.00909091
699 0 40 108 0.37037 1 1 225 0.346154
700 1 174 171 1.01754 1 0 1526 2.34409
701 0 3270 2538 1.28842 0 10 8417 12.9892
702 1 48 124 0.387097 0 0 186 0.287481
703 1 804 1142 0.704028 0 6 445 0.689922
704 1 24 302 0.0794702 0 3 297 0.461897
705 0 1 16 0.0625 0 0 8 0.0125984
706 0 1759 82 21.4512 1 29 922 1.45426
707 1 12 48 0.25 0 0 123 0.194313
708 0 5 11 0.454545 0 0 107 0.169304
709 1 2 3 0.666667 0 0 1 0.00158228
710 1 11 58 0.189655 0 4 176 0.280255
711 1 10 72 0.138889 1 0 152 0.238994
712 0 459 2015 0.227792 0 14 1226 1.95847
713 0 372 473 0.786469 1 14 3136 5.0176
714 1 62 118 0.525424 0 0 195 0.312
715 1 1 13 0.0769231 0 0 6 0.00967742
716 1 205 656 0.3125 0 6 495 0.800971
717 1 7 27 0.259259 0 0 18 0.0285714
718 0 59 496 0.118952 0 2 597 0.970732
719 1 5 37 0.135135 0 0 13 0.0212766
720 1 3 5 0.6 0 0 2 0.00332779
721 1 2 12 0.166667 0 0 9 0.015
722 1 46 179 0.256983 1 6 1846 3.09732
723 0 12 564 0.0212766 0 0 141 0.239796
724 1 8 28 0.285714 0 0 23 0.0393836
725 1 15 33 0.454545 0 0 2 0.00344234
726 1 4 30 0.133333 0 0 49 0.0864198
727 1 66 71 0.929577 0 1 639 1.08859
728 0 299 1439 0.207783 1 10 9354 16.7036
729 1 12 55 0.218182 0 0 8 0.0146789
730 1 1 7 0.142857 0 0 897 1.66419
731 0 193 9 21.4444 0 10 41 0.0766355
732 1 5 25 0.2 0 0 1 0.00186916
733 1 1 11 0.0909091 0 0 68 0.129771
734 1 1 41 0.0243902 0 0 19 0.0366089
735 0 13 158 0.0822785 0 0 9 0.0173745
736 0 68 82 0.829268 0 0 83 0.160232
737 0 170 232 0.732759 1 6 2080 4.05458
738 0 0 0 0 0 0 0 0
739 1 14 66 0.212121 0 0 47 0.0943775
740 1 4 4 1 0 0 16 0.0321932
741 1 3 17 0.176471 0 0 25 0.0509165
742 0 41 78 0.525641 0 0 8 0.0164609
743 1 3 29 0.103448 0 0 0 0
744 1 5 4 1.25 0 0 2 0.00421053
745 1 3 11 0.272727 0 0 5 0.0105708
746 1 16 45 0.355556 0 0 31 0.0675381
747 1 2 6 0.333333 0 0 30 0.0656455
748 1 5 12 0.416667 0 0 3 0.00635593
749 1 1 16 0.0625 0 0 0 0
750 1 1 16 0.0625 0 1 0 0
751 0 23 369 0.0623306 0 0 178 0.408257
752 1 1 36 0.0277778 0 0 44 0.0960699
753 1 2 47 0.0425532 0 1 26 0.0580357
754 1 1 90 0.0111111 0 0 0 0
755 0 102 373 0.273458 1 1 230 0.559611
756 1 1097 1543 0.710953 0 26 1992 4.89435
757 1 11 34 0.323529 1 0 3 0.0070922
758 0 51 369 0.138211 0 0 22 0.0522565
759 1 5 10 0.5 0 0 1 0.00238095
760 1 4 88 0.0454545 0 0 2 0.00492611
761 1 9 12 0.75 0 0 16 0.0421053
762 1 2 6 0.333333 0 0 24 0.0636605
763 1 3 1 3 0 0 5 0.0133333
764 1 25 56 0.446429 0 0 9 0.0242588
765 0 21 84 0.25 0 0 31 0.0835579
766 1 21 36 0.583333 0 0 9 0.0243243
767 0 9 59 0.152542 0 0 67 0.192529
768 0 24 286 0.0839161 0 0 88 0.261905
769 1 15 76 0.197368 0 0 70 0.208333
770 0 87 90 0.966667 0 0 211 0.629851
771 1 23 57 0.403509 0 0 31 0.0930931
772 0 1380 1959 0.704441 0 14 3634 10.9789
773 1 3 64 0.046875 0 0 9 0.0276923
774 1 14 148 0.0945946 0 0 24 0.0745342
775 0 71 263 0.269962 0 1 158 0.49375
776 1 5 2 2.5 0 0 0 0
777 1 3 24 0.125 0 0 3 0.00949367
778 1 7 46 0.152174 0 0 11 0.0352564
779 0 22 75 0.293333 0 0 23 0.0734824
780 1 1 19 0.0526316 0 0 0 0
781 1 6 2 3 0 0 16 0.0514469
782 0 15 15 1 0 0 24 0.0797342
783 0 3 28 0.107143 0 0 2 0.00660066
784 1 4 2 2 0 0 1 0.00346021
785 0 44 226 0.19469 1 4 1383 4.80208
786 0 1 13 0.0769231 0 0 5 0.0174216
787 1 17 137 0.124088 0 0 0 0
788 0 223 495 0.450505 1 0 1764 6.16783
789 1 318 374 0.850267 1 25 5656 20.4928
790 1 7 46 0.152174 0 0 151 0.569811
791 0 18 46 0.391304 0 0 65 0.253906
792 0 7 26 0.269231 1 0 4 0.016
793 1 23 79 0.291139 0 0 3 0.0121457
794 1 55 75 0.733333 0 1 141 0.582645
795 1 5 2 2.5 0 0 2 0.0083682
796 1 2 0 2 0 0 21 0.0886076
797 1 1 0 1 0 0 0 0
798 0 53 122 0.434426 1 2 46 0.193277
799 1 8 36 0.222222 0 0 14 0.0657277
800 0 25 40 0.625 0 0 30 0.142857
801 1 43 220 0.195455 1 2 53 0.252381
802 1 16 52 0.307692 0 2 109 0.519048
803 1 1 17 0.0588235 0 0 1 0.00480769
804 0 49 234 0.209402 1 2 130 0.656566
805 0 156 312 0.5 0 4 6480 29.3213
806 1 3 15 0.2 0 0 7 0.0402299
807 1 20 142 0.140845 0 0 2 0.0121212
808 1 6 14 0.428571 0 0 18 0.109756
809 1 1 8 0.125 0 0 1 0.00480769
810 0 0 0 0 0 0 20 0.125
811 1 1038 1596 0.650376 1 23 387 2.48077
812 1 1 19 0.0526316 0 0 0 0
813 1 5 14 0.357143 0 0 3 0.0150754
814 0 29 71 0.408451 0 8 148 0.751269
815 1 2 9 0.222222 1 0 1046 5.30964
816 1 19 54 0.351852 0 0 42 0.214286
817 0 156 428 0.364486 1 2 447 2.29231
818 1 15 36 0.416667 0 0 15 0.117188
819 1 18 44 0.409091 0 1 28 0.148148
820 0 2 9 0.222222 0 0 0 0
821 1 141 1068 0.132022 0 0 37 0.197861
822 1 4 160 0.025 0 0 16 0.0869565
823 1 1 2 0.5 0 0 0 0
824 1 7 75 0.0933333 1 0 24 0.134078
825 1 3 2 1.5 0 0 5 0.0282486
826 1 4 32 0.125 0 1 51 0.296512
827 0 120 251 0.478088 0 0 48 0.292683
828 1 36 121 0.297521 0 0 135 0.828221
829 1 7 40 0.175 0 0 15 0.100671
830 0 26 149 0.174497 0 0 66 0.458333
831 1 1 2 0.5 0 0 96 0.680851
832 0 156 467 0.334047 0 0 1523 11.3657
833 1 12 56 0.214286 0 0 2 0.0155039
834 0 0 2 0 0 0 3 0.023622
835 1 3 3 1 0 0 0 0
836 1 33 35 0.942857 0 0 146 1.17742
837 1 3 38 0.0789474 0 0 0 0
838 1 1 0 1 0 0 0 0
839 1 3 2 1.5 0 0 51 0.476636
840 1 1 42 0.0238095 0 0 1 0.00990099
841 1 2 39 0.0512821 0 0 3 0.03
842 1 2 40 0.05 0 0 0 0
843 1 1 40 0.025 0 0 0 0
844 1 2 0 2 0 0 0 0
845 1 1 0 1 0 0 0 0
846 1 1 40 0.025 0 0 1 0.010101
847 1 1 0 1 0 0 0 0
848 1 1 0 1 0 0 0 0
849 0 22 96 0.229167 0 0 27 0.27551
850 0 8 23 0.347826 0 0 58 0.597938
851 1 3 25 0.12 0 0 1 0.0104167
852 0 9 25 0.36 0 0 13 0.173333
853 1 32 160 0.2 0 0 45 0.652174
854 1 5 22 0.227273 0 0 1 0.0208333
855 1 23 131 0.175573 1 0 84 2.54545
856 1 1 0 1 0 0 0 0
857 1 1 2 0.5 0 0 0 0
858 1 1 1 1 0 0 1 0.0588235
859 1 1 0 1 0 0 0 0
860 1 15 88 0.170455 0 1 5 -5
861 1 0 4 0 0 0 0 0
862 1 0 3 0 0 0 0 -0
863 1 0 0 0 0 0 0 -0
