user_id is_female age logdt lognarc logpsyc logmach 
1 1 30 1.15268 1.32176 1.0116 1.09861
2 1 36 0 0 0 0
3 0 29 0.733969 0.405465 0.693147 1.0116
4 1 24 0.348307 0.223144 0.223144 0.559616
5 0 19 1.20397 1.55814 0.223144 1.38629
6 1 51 0.154151 0.405465 0 0
7 1 45 1.02165 1.07044 1.09861 0.882389
8 1 36 0.287682 0 0.693147 0
9 0 34 1.07044 0.965081 1.05605 1.17866
10 0 35 0.606136 1.0116 0.223144 0.405465
11 1 33 0 0 0 0
12 1 -45 0.733969 1.09861 0.559616 0.405465
13 0 20 1.29928 1.25276 1.09861 1.50408
14 1 20 1.15268 1.38629 0.693147 1.25276
15 0 27 0.405465 0.405465 0.405465 0.405465
16 1 26 0.733969 0.81093 0.559616 0.81093
17 0 25 0.81093 0.753772 0.864997 0.81093
18 0 28 1.04145 0.81093 0.916291 1.32176
19 1 35 0.559616 0.916291 0.559616 0
20 1 34 0.154151 0.223144 0 0.223144
21 1 39 0.81093 0.916291 0.693147 0.81093
22 1 45 1.04145 1.44692 0.916291 0.559616
23 1 26 0.510826 0.693147 0 0.693147
24 1 47 0.559616 0.405465 0.693147 0.559616
25 0 23 1.27629 1.0116 1.44692 1.32176
26 0 30 0.154151 0 0 0.405465
27 0 48 0.847298 1.0116 0.693147 0.81093
28 1 25 1.20397 0.693147 1.38629 1.38629
29 1 29 0.650588 1.09861 0.223144 0.405465
30 0 37 0.510826 1.09861 0 0
31 1 27 0.459532 0.81093 0.223144 0.223144
32 1 35 0.847298 1.09861 0.693147 0.693147
33 0 23 0.693147 1.25276 0 0.405465
34 0 34 0.693147 1.09861 0.405465 0.405465
35 0 35 1.17866 1.25276 0.81093 1.38629
36 0 29 0.559616 0 0.916291 0.559616
37 0 23 0.999406 0.993252 0.993252 1.0116
38 1 49 0.318454 0.405465 0.223144 0.318454
39 0 56 0.154151 0.405465 0 0
40 1 30 0.77319 1.0116 0.559616 0.693147
41 1 64 0.93282 1.13943 1.0116 0.559616
42 1 30 0.255933 0.485508 0 0.223144
43 0 57 0.733969 0.81093 0.81093 0.559616
44 0 33 1.20397 1.38629 0.916291 1.25276
45 1 40 0.606136 1.09861 0.223144 0.223144
46 0 38 0.753772 1.09861 0.318454 0.693147
47 0 35 0.81093 0.81093 0.559616 1.0116
48 0 24 0.459532 0.81093 0.223144 0.223144
49 1 41 0.559616 0.81093 0 0.693147
50 0 28 0.882389 0.81093 0.81093 1.0116
51 1 38 0.77319 0.81093 0.693147 0.81093
52 1 21 0.559616 0.559616 0.81093 0.223144
53 1 26 0.882389 0.916291 0.405465 1.17866
54 0 24 0.77319 1.32176 0 0.559616
55 0 33 0.81093 1.17866 0.559616 0.559616
56 0 33 0.733969 1.0116 0.405465 0.693147
57 1 29 0.405465 0.485508 0.223144 0.485508
58 0 28 1.15268 1.38629 1.17866 0.81093
59 1 20 1.0116 1.09861 0.693147 1.17866
60 1 20 0.559616 0.223144 0.559616 0.81093
61 1 50 0.510826 0.916291 0.405465 0
62 1 44 0.287682 0.693147 0 0
63 1 25 0.916291 0.81093 0.693147 1.17866
64 1 19 0.864997 0.916291 0.864997 0.81093
65 1 37 0.559616 0.81093 0.405465 0.405465
66 0 56 0.693147 0.405465 1.17866 0.223144
67 1 66 0 0 0 0
68 1 34 0 0 0 0
69 1 34 0.949081 0.916291 0.916291 1.0116
70 0 28 1.46634 1.47591 1.28785 1.60944
71 0 53 0.287682 0.405465 0.405465 0
72 0 32 0.405465 0.223144 0.559616 0.405465
73 0 35 0.606136 0.223144 1.09861 0.223144
74 0 23 0.405465 0.916291 0 0
75 1 39 0.510826 0.405465 0.81093 0.223144
76 1 33 0.594707 0.446287 0.661398 0.661398
77 0 28 0.927341 1.25276 0.348307 0.980829
78 1 34 0.510826 0.559616 0.405465 0.559616
79 0 25 1.09861 1.09861 1.09861 1.09861
80 1 22 0.606136 1.0116 0.405465 0.223144
81 0 32 0.559616 0.81093 0.693147 0
82 1 40 0.117783 0.223144 0 0.117783
83 1 27 1.38629 1.38629 1.38629 1.38629
84 1 37 0.733969 0.916291 0 1.0116
85 1 43 0.693147 0.559616 0.81093 0.693147
86 1 31 0.81093 0.916291 0.81093 0.693147
87 0 28 0.882389 1.09861 0.81093 0.693147
88 1 21 0.733969 0.916291 0.559616 0.693147
89 1 42 0 0 0 0
90 1 19 0.847298 1.09861 0 1.09861
91 0 25 1.07044 1.0116 1.0116 1.17866
92 0 25 0.847298 1.09861 0.916291 0.405465
93 1 52 0.606136 0.559616 0.559616 0.693147
94 0 29 0.733969 0.81093 0.693147 0.693147
95 1 28 1.07044 1.25276 0.81093 1.09861
96 1 33 0.318454 0.753772 0 0
97 1 27 0.559616 0.81093 0.559616 0.223144
98 0 24 0.949081 1.25276 0 1.17866
99 0 30 0.287682 0.405465 0 0.405465
100 0 37 0.77319 0.223144 1.0116 0.916291
101 0 27 0.949081 1.17866 0.693147 0.916291
102 1 62 0.287682 0.405465 0.223144 0.223144
103 0 52 0.77319 1.09861 0.693147 0.405465
104 0 45 0.693147 1.09861 0.405465 0.405465
105 1 23 0.348307 0.223144 0 0.693147
106 1 45 0.847298 1.09861 0.81093 0.559616
107 1 27 0.287682 0 0 0.693147
108 1 39 0.77319 0.559616 0.916291 0.81093
109 1 41 0.733969 0.628609 0.753772 0.81093
110 1 46 1.60944 1.60944 1.60944 1.60944
111 0 30 0.287682 0.223144 0.223144 0.405465
112 1 36 0.693147 0.916291 0.559616 0.559616
113 1 31 1.0116 1.17866 0.405465 1.25276
114 0 58 0.733969 1.25276 0.405465 0.223144
115 1 49 0 0 0 0
116 1 29 0.847298 0.81093 0.916291 0.81093
117 1 52 0.223144 0.223144 0.223144 0.223144
118 1 52 0.0800427 0 0 0.223144
119 1 38 0.606136 1.0116 0.405465 0.223144
120 1 34 0.77319 1.09861 0.405465 0.693147
121 0 25 0.606136 0.693147 0.223144 0.81093
122 1 31 0.405465 0.693147 0.405465 0
123 1 34 0.916291 1.0116 0.916291 0.81093
124 0 35 0.223144 0 0.559616 0
125 1 23 0.847298 1.0116 0.559616 0.916291
126 1 46 0.859132 1.04145 0.405465 1.0116
127 0 36 0.348307 0.405465 0.405465 0.223144
128 1 25 0.693147 0.405465 0.693147 0.916291
129 1 31 0.559616 0.81093 0.223144 0.559616
130 0 30 0.459532 0.916291 0 0.223144
131 0 25 0.864997 0.916291 0.81093 0.864997
132 0 22 0.81093 0.916291 0.405465 1.0116
133 0 21 0.733969 1.17866 0.405465 0.405465
134 1 21 1.20397 1.09861 1.17866 1.32176
135 1 57 0.405465 0.693147 0 0.405465
136 1 38 0.223144 0 0.559616 0
137 1 38 0.223144 0 0.405465 0.223144
138 1 26 0.650588 0.693147 0.405465 0.81093
139 1 59 0.287682 0.405465 0.405465 0
140 1 46 0.733969 0.693147 0.559616 0.916291
141 0 30 0.606136 0.81093 0.405465 0.559616
142 1 41 0.189242 0.117783 0 0.405465
143 1 43 1.09861 1.32176 0.693147 1.17866
144 0 34 0.949081 1.32176 0.559616 0.81093
145 1 34 1.20397 1.17866 1.0116 1.38629
146 1 39 0 0 0 0
147 0 36 1.13943 1.47591 0.916291 0.916291
148 0 22 0.348307 0.559616 0.223144 0.223144
149 0 30 0.733969 0.81093 0.693147 0.693147
150 1 35 0.287682 0.223144 0.405465 0.223144
151 1 39 0.606136 0.693147 0.693147 0.405465
152 1 23 0.606136 1.0116 0.559616 0
153 0 24 1.29928 0 1.60944 1.60944
154 1 27 0.650588 0.693147 0.693147 0.559616
155 1 55 0.916291 1.25276 0.559616 0.81093
156 1 30 0.459532 0.223144 0.693147 0.405465
157 1 32 0.882389 1.17866 0.405465 0.916291
158 1 28 1.07044 1.38629 0 1.32176
159 0 25 0.459532 0.559616 0.405465 0.405465
160 0 44 0.559616 0 0.753772 0.753772
161 0 61 0.154151 0 0.405465 0
162 0 44 0.949081 0.81093 0.916291 1.09861
163 1 42 0.733969 0.693147 1.0116 0.405465
164 1 43 0.650588 0.81093 0.559616 0.559616
165 1 42 0.733969 1.0116 0.559616 0.559616
166 1 50 0.441833 0.693147 0.154151 0.405465
167 0 36 0.693147 0.405465 0.916291 0.693147
168 1 32 0.949081 1.44692 0.559616 0.559616
169 1 51 0.040822 0.117783 0 0
170 1 26 0.693147 0.916291 0.405465 0.693147
171 0 50 0.77319 1.0116 0.693147 0.559616
172 0 44 0.606136 0.405465 0.223144 1.0116
173 1 31 0.650588 0.81093 0.405465 0.693147
174 1 28 1.04145 1.32176 0.81093 0.916291
175 1 20 1.04145 1.09861 0.693147 1.25276
176 1 26 0.459532 0 0.916291 0.223144
177 0 41 0.606136 0.405465 0.405465 0.916291
178 1 26 0.348307 0.405465 0.405465 0.223144
179 1 40 0.559616 0.693147 0 0.81093
180 1 28 0.77319 0 0.81093 1.17866
181 1 34 0.559616 0.223144 0.559616 0.81093
182 0 41 1.22867 0 1.50408 1.55814
183 0 31 0.650588 0.81093 0.559616 0.559616
184 1 20 0.0800427 0 0 0.223144
185 1 32 0.510826 1.09861 0 0
186 0 33 0.81093 0.405465 0.916291 1.0116
187 1 38 0.510826 0.81093 0 0.559616
188 1 29 0.650588 1.0116 0.223144 0.559616
189 0 33 0.287682 0 0.559616 0.223144
190 1 36 0.650588 0.916291 0.223144 0.693147
191 0 27 0.733969 1.0116 0.559616 0.559616
192 1 36 0.559616 0.405465 0.81093 0.405465
193 0 22 0.847298 1.25276 0.223144 0.81093
194 1 42 0.459532 0.405465 0.405465 0.559616
195 1 63 0.733969 0.693147 1.09861 0.223144
196 1 44 0.0800427 0 0 0.223144
197 1 23 0.733969 1.17866 0.223144 0.559616
198 0 69 0.405465 0.693147 0 0.405465
199 1 36 0.847298 1.09861 0.693147 0.693147
200 1 26 1.24079 1.17866 1.28785 1.25276
201 0 39 0.559616 0 0.693147 0.81093
202 1 29 0.693147 0.223144 0.916291 0.81093
203 0 30 0.949081 1.25276 0.223144 1.09861
204 1 33 0.287682 0.405465 0.405465 0
205 0 38 0.965081 1.28785 0.965081 0.485508
206 1 28 0.693147 1.09861 0.559616 0.223144
207 1 55 1.34373 1.32176 1.32176 1.38629
208 0 31 0.535518 0.559616 0.485508 0.559616
209 0 32 0.980829 0.693147 1.0116 1.17866
210 1 34 0.606136 1.09861 0.223144 0.223144
211 1 51 0.423814 0.0800427 0.287682 0.77319
212 0 29 0.510826 0.559616 0.81093 0
213 1 25 0.905117 1.17866 0.348307 1.0116
214 0 34 0.77319 0.559616 0.916291 0.81093
215 0 35 0.650588 0.916291 0.559616 0.405465
216 1 55 0.559616 0.916291 0.405465 0.223144
217 1 28 0.459532 0.485508 0.485508 0.405465
218 1 34 0.287682 0.559616 0.223144 0
219 1 27 0.959776 1.25276 0.882389 0.650588
220 1 44 0.81093 1.09861 0.559616 0.693147
221 0 25 1.04145 1.17866 0.693147 1.17866
222 1 30 0.348307 0.223144 0 0.693147
223 0 24 0.949081 1.25276 0.81093 0.693147
224 0 36 0.559616 0.693147 0.81093 0
225 1 26 0.650588 0.81093 0.405465 0.693147
226 0 26 0.405465 0 0.223144 0.81093
227 1 23 1.17866 1.38629 0.81093 1.25276
228 1 19 0.882389 1.25276 0.405465 0.81093
229 1 40 0.980829 0.916291 1.09861 0.916291
230 0 41 0.81093 1.09861 0.223144 0.916291
231 0 30 0.693147 0.81093 0.693147 0.559616
232 1 63 0.510826 0.693147 0.693147 0
233 1 23 0.510826 1.09861 0 0
234 1 29 0.223144 0.405465 0 0.223144
235 1 22 0.405465 0.693147 0.223144 0.223144
236 1 30 1.36524 1.09861 1.44692 1.50408
237 0 47 0.847298 1.0116 0.405465 1.0116
238 1 25 1.15268 1.09861 1.0116 1.32176
239 0 42 0.117783 0.318454 0 0
240 1 30 0.0800427 0.223144 0 0
241 1 29 0.510826 0.693147 0.223144 0.559616
242 1 60 0.606136 0.318454 0.693147 0.753772
243 1 59 0.672094 0.753772 0.753772 0.485508
244 1 31 0.405465 0.559616 0.405465 0.223144
245 1 56 0.847298 0.81093 0.559616 1.09861
246 1 19 0.510826 0.81093 0 0.559616
247 0 19 0.693147 1.25276 0.223144 0.223144
248 1 53 0 0 0 0
249 1 28 0.405465 0 0.223144 0.81093
250 0 29 0.510826 0.693147 0.405465 0.405465
251 1 49 0.405465 0.405465 0 0.693147
252 1 45 0.287682 0.559616 0 0.223144
253 1 24 0.847298 0.559616 1.09861 0.81093
254 0 34 0.223144 0.223144 0 0.405465
255 0 31 0.980829 0.559616 1.38629 0.81093
256 0 24 1.09861 1.09861 1.09861 1.09861
257 0 30 0.459532 0.223144 0.916291 0
258 0 30 0.287682 0.223144 0 0.559616
259 0 31 0 0 0 0
260 0 37 0.847298 0.693147 0.559616 1.17866
261 1 46 0.223144 0.405465 0 0.223144
262 1 35 0.864997 1.25276 0.753772 0.405465
263 1 33 1.05605 1.09861 1.17866 0.864997
264 0 30 0.405465 0.81093 0.223144 0
265 0 23 0.606136 0.405465 0.81093 0.559616
266 1 40 0.847298 1.38629 0 0.693147
267 1 31 0.510826 0.733969 0.348307 0.405465
268 1 27 0 0 0 0
269 1 41 0.606136 1.09861 0 0.405465
270 1 21 0.916291 1.0116 0.559616 1.09861
271 1 40 0.405465 0.81093 0 0.223144
272 1 53 0.189242 0.318454 0.223144 0
273 0 35 0.916291 0.405465 1.17866 1.0116
274 1 27 0.348307 0.485508 0.405465 0.117783
275 0 21 1.04145 1.50408 0.693147 0.693147
276 1 35 0.0800427 0 0 0.223144
277 1 37 0.348307 0.223144 0.559616 0.223144
278 0 33 0.916291 0.81093 1.17866 0.693147
279 1 -37 0.916291 0.81093 0.916291 1.0116
280 1 19 0.255933 0.318454 0 0.405465
281 0 22 0.733969 0.916291 0.223144 0.916291
282 1 26 1.09861 1.2164 1.05605 1.0116
283 1 24 0.949081 1.32176 0.405465 0.916291
284 1 38 0.405465 0 0 0.916291
285 0 18 1.0116 1.38629 0 1.17866
286 1 22 0.459532 0.916291 0 0.223144
287 1 32 0.693147 0.81093 0.223144 0.916291
288 0 26 0.606136 0.559616 0.559616 0.693147
289 1 34 1.13498 1.38629 1.0116 0.949081
290 0 30 0.287682 0 0.559616 0.223144
291 1 21 0.980829 0.916291 1.17866 0.81093
292 1 41 0.223144 0.405465 0 0.223144
293 1 36 0.0800427 0 0.223144 0
294 1 28 0.650588 0.916291 0.405465 0.559616
295 1 32 0.77319 0.559616 0.916291 0.81093
296 0 20 1.07044 1.0116 0.693147 1.38629
297 0 23 0.223144 0.223144 0.223144 0.223144
298 0 24 0.980829 0.916291 0.916291 1.09861
299 1 20 0.899484 1.53148 0 0.559616
300 0 34 0.77319 1.17866 0.693147 0.223144
301 1 36 0.693147 1.09861 0.405465 0.405465
302 0 27 0.733969 0.693147 0.81093 0.693147
303 0 41 1.09861 0.965081 0.864997 1.38629
304 1 32 1.02165 1.22867 0.606136 1.12601
305 1 30 0.559616 0.916291 0.223144 0.405465
306 0 32 0.882389 1.0116 0.693147 0.916291
307 0 44 0.130053 0 0.348307 0
308 0 25 1.17866 1.32176 1.09861 1.09861
309 0 19 0.81093 0.81093 0.693147 0.916291
310 1 47 0.287682 0 0.405465 0.405465
311 1 19 1.19139 1.17866 1.05605 1.32176
312 1 25 0.559616 0.559616 0.693147 0.405465
313 0 26 0.882389 1.25276 0.405465 0.81093
314 0 37 0.693147 0.916291 0.693147 0.405465
315 1 34 0.980829 1.25276 0.81093 0.81093
316 1 22 0.405465 0.81093 0 0.223144
317 1 68 0.287682 0.223144 0.559616 0
318 0 24 0.949081 0.882389 0.81093 1.12601
319 0 21 0 0 0 0
320 0 35 0.559616 0.81093 0.223144 0.559616
321 1 29 0.81093 0.916291 0.559616 0.916291
322 1 28 0.980829 0.81093 0.693147 1.32176
323 0 20 0.93282 0.628609 0.965081 1.13943
324 1 21 0.459532 0.693147 0.405465 0.223144
325 1 34 0.510826 0.693147 0.559616 0.223144
326 1 29 0.606136 1.0116 0 0.559616
327 1 34 0.510826 0.405465 0.223144 0.81093
328 1 41 0.154151 0 0.405465 0
329 1 28 0.606136 1.0116 0 0.559616
330 1 19 0.459532 0.693147 0 0.559616
331 0 29 0 0 0 0
332 1 48 0.733969 0.693147 0.693147 0.81093
333 1 52 0.650588 0.916291 0.559616 0.405465
334 1 26 0.583146 1.05605 0.318454 0.117783
335 0 22 0.650588 1.09861 0 0.559616
336 1 25 0.535518 0.753772 0.223144 0.559616
337 1 21 0.693147 0.753772 0.628609 0.693147
338 1 31 0.223144 0.405465 0.223144 0
339 1 36 0 0 0 0
340 0 32 0.77319 1.09861 0.559616 0.559616
341 1 33 0.650588 0.693147 0.559616 0.693147
342 1 28 0.693147 1.17866 0.223144 0.405465
343 0 20 0.606136 1.09861 0.223144 0.223144
344 1 24 0.650588 0.405465 0.81093 0.693147
345 0 51 0.510826 0.693147 0.405465 0.405465
346 0 24 0.916291 0.693147 1.25276 0.693147
347 1 47 0.348307 0.693147 0.223144 0
348 1 32 0.348307 0.405465 0 0.559616
349 1 28 0.459532 0.693147 0 0.559616
350 1 38 0.510826 0.559616 0.223144 0.693147
351 1 35 0.949081 1.0116 1.09861 0.693147
352 0 28 0.693147 1.0116 0.223144 0.693147
353 1 23 0.510826 1.0116 0 0.223144
354 0 26 0.792238 0.318454 1.0116 0.916291
355 1 62 0.287682 0.693147 0 0
356 0 46 0.733969 1.0116 0.405465 0.693147
357 0 37 0.510826 0.223144 0 1.0116
358 1 38 0.510826 0.405465 0.81093 0.223144
359 0 33 0.223144 0.559616 0 0
360 1 30 0.405465 0.81093 0.223144 0
361 1 27 0.672094 0.753772 0.117783 0.965081
362 1 24 0.882389 1.09861 0.81093 0.693147
363 0 57 0.77319 0.405465 0.693147 1.09861
364 0 29 0.650588 0.916291 0.223144 0.693147
365 0 49 0.559616 1.0116 0.223144 0.223144
366 1 49 0.0800427 0 0 0.223144
367 1 37 0.0800427 0 0 0.223144
368 1 22 0.693147 0.693147 0.693147 0.693147
369 0 44 1.32176 1.50408 1.25276 1.17866
370 0 28 0.606136 0.559616 0.405465 0.81093
371 0 34 0.847298 1.0116 0.916291 0.559616
372 0 28 0.916291 0.81093 0.81093 1.09861
373 1 35 0.559616 0.693147 0 0.81093
374 0 39 0.949081 0.693147 1.09861 1.0116
375 1 44 0.916291 1.0116 0.81093 0.916291
376 1 37 0.81093 0.559616 1.09861 0.693147
377 1 33 0.459532 0.693147 0.405465 0.223144
378 1 24 1.07044 1.32176 0.81093 1.0116
379 1 27 0.77319 1.25276 0.318454 0.485508
380 1 27 0.154151 0.223144 0 0.223144
381 1 33 0.510826 0.405465 0.559616 0.559616
382 1 26 0.650588 0.693147 0.223144 0.916291
383 0 21 1.04145 1.09861 0.916291 1.09861
384 1 31 0.287682 0 0 0.693147
385 0 39 0.154151 0.405465 0 0
386 1 69 1.02664 1.44692 0.318454 1.0116
387 1 29 0.916291 1.25276 0 1.09861
388 0 33 0.527355 0.650588 0.154151 0.693147
389 1 33 0.348307 0.693147 0 0.223144
390 0 20 0.847298 0.81093 0.916291 0.81093
391 0 26 0.77319 0.559616 0.559616 1.09861
392 0 21 0.606136 0.405465 1.0116 0.223144
393 1 29 0.606136 0.559616 0.559616 0.693147
394 1 58 0 0 0 0
395 0 22 0.606136 1.25276 0 0
396 1 44 1.04145 1.25276 0.693147 1.09861
397 0 29 0.980829 0.223144 1.09861 1.32176
398 1 28 0.882389 0.693147 0.405465 1.32176
399 0 31 0.650588 0.405465 0.559616 0.916291
400 1 30 0.847298 0.559616 1.0116 0.916291
401 0 23 0.606136 0.693147 0.916291 0
402 1 30 0.287682 0.405465 0 0.405465
403 0 38 1.17866 1.38629 1.0116 1.09861
404 0 23 1.0116 1.09861 0.559616 1.25276
405 1 37 0.348307 0.223144 0.693147 0
406 1 31 0.154151 0 0.405465 0
407 1 30 0 0 0 0
408 1 -37 0.980829 0.916291 0.81093 1.17866
409 0 37 0.628609 0.485508 0.81093 0.559616
410 0 43 1.0116 0.81093 1.09861 1.09861
411 1 29 0.882389 1.0116 0.693147 0.916291
412 1 19 1.07044 1.50408 0.223144 1.09861
413 1 21 0.996333 1.2164 0.81093 0.916291
414 1 31 0.223144 0.223144 0.223144 0.223144
415 1 51 0.510826 0.223144 0 1.0116
416 1 35 0.628609 0 0.594707 1.03407
417 1 41 0.189242 0 0.405465 0.117783
418 0 34 0.650588 0.916291 0.559616 0.405465
419 1 22 0.510826 0.559616 0.223144 0.693147
420 0 32 1.14387 1.17866 1.04145 1.20397
421 0 34 1.0116 1.0116 1.0116 1.0116
422 1 50 0.154151 0 0 0.405465
423 1 40 0.77319 0.693147 0.693147 0.916291
424 1 33 1.02664 1.44692 0.753772 0.693147
425 0 27 1.12601 0.223144 1.50408 1.25276
426 1 24 1.07044 1.32176 0.916291 0.916291
427 0 46 1.02664 1.17866 1.05605 0.81093
428 0 34 1.15268 1.25276 0.693147 1.38629
429 0 49 0.105361 0.287682 0 0
430 1 40 0.223144 0 0.223144 0.405465
431 0 20 0.348307 0.559616 0.405465 0
432 0 33 0.287682 0.223144 0.559616 0
433 0 28 1.32176 1.09861 1.50408 1.32176
434 0 26 0.559616 1.17866 0 0
435 1 29 0.510826 0.628609 0.117783 0.693147
436 1 30 0.510826 0.693147 0.223144 0.559616
437 0 30 1.12601 0.559616 1.38629 1.25276
438 1 26 0.459532 0.559616 0 0.693147
439 0 25 0.510826 0.693147 0.405465 0.405465
440 1 24 0.606136 0.223144 0.81093 0.693147
441 1 37 0.485508 0.405465 0.405465 0.628609
442 0 42 0.650588 0.117783 0.965081 0.693147
443 1 47 0.377294 0.559616 0.223144 0.318454
444 0 44 0.606136 0 0.916291 0.693147
445 1 28 0.559616 0.81093 0.693147 0
446 0 28 0.980829 1.17866 0.81093 0.916291
447 1 53 0.693147 1.25276 0.405465 0
448 1 30 0.949081 0.81093 0.693147 1.25276
449 0 46 0.405465 0.405465 0.405465 0.405465
450 1 37 0.847298 1.0116 0.405465 1.0116
451 0 28 0.77319 0.916291 0.693147 0.693147
452 1 23 0.650588 1.0116 0.405465 0.405465
453 1 21 0.847298 1.32176 0.223144 0.693147
454 0 28 0.559616 0.559616 0.81093 0.223144
455 1 34 0.882389 1.25276 0 1.0116
456 1 43 1.34373 1.32176 1.38629 1.32176
457 1 42 0.77319 0.916291 0.223144 1.0116
458 1 28 0.606136 0.693147 0.223144 0.81093
459 0 29 0.693147 1.09861 0.223144 0.559616
460 1 49 1.07044 1.09861 1.0116 1.09861
461 1 65 0.792238 1.2164 0 0.81093
462 1 49 0.287682 0.223144 0.405465 0.223144
463 0 30 0.287682 0.559616 0.223144 0
464 1 30 1.09861 1.09861 0.81093 1.32176
465 1 28 0.405465 0.559616 0.559616 0
466 1 39 0.0800427 0 0 0.223144
467 0 45 0.559616 0.223144 0.916291 0.405465
468 0 41 0.847298 1.0116 0.693147 0.81093
469 0 36 0.510826 0.405465 0.916291 0
470 1 28 0.405465 0.318454 0.628609 0.223144
471 0 33 0.606136 0.693147 0.559616 0.559616
472 1 34 0.81093 0.559616 0.559616 1.17866
473 0 32 0.650588 1.0116 0.405465 0.405465
474 1 25 0.693147 1.38629 0 0
475 1 29 1.17866 1.25276 1.32176 0.916291
476 0 48 0.510826 0.223144 0.559616 0.693147
477 1 40 0.105361 0 0 0.287682
478 0 28 0 0 0 0
479 1 -32 0.348307 0.81093 0 0
480 1 36 0.77319 1.09861 0.559616 0.559616
481 0 45 0.223144 0.318454 0.223144 0.117783
482 1 28 0.693147 0.559616 0.916291 0.559616
483 0 33 1.07044 1.25276 0.81093 1.09861
484 0 23 0.606136 0.223144 0.916291 0.559616
485 0 62 0.785929 0.693147 0.847298 0.81093
486 0 35 0.733969 1.05605 0.223144 0.753772
487 1 35 0.693147 0.693147 0.693147 0.693147
488 0 33 0.81093 1.0116 0.559616 0.81093
489 1 30 1.07044 1.32176 0.693147 1.09861
490 1 19 0.287682 0.223144 0 0.559616
491 1 30 0.693147 1.0116 0.559616 0.405465
492 0 37 0.916291 1.25276 0.693147 0.693147
493 0 22 1.11241 1.17866 1.0116 1.13943
494 1 34 0.693147 0.693147 0 1.09861
495 0 20 0.847298 0.81093 1.0116 0.693147
496 1 29 0.980829 0.916291 0.81093 1.17866
497 1 28 0.287682 0.559616 0 0.223144
498 1 35 0.693147 1.0116 0 0.81093
499 1 55 0.81093 0.916291 0.405465 1.0116
500 0 26 0.650588 0.606136 0.77319 0.559616
501 1 22 0.899484 1.25276 0.318454 0.916291
502 1 23 0.287682 0.559616 0 0.223144
503 0 30 0.559616 1.0116 0.405465 0
504 1 23 0.459532 0.693147 0.559616 0
505 1 25 1.12601 1.25276 0.693147 1.32176
506 1 34 0.693147 0.693147 0.223144 1.0116
507 0 42 0.510826 0.559616 0 0.81093
508 0 23 0.348307 0.693147 0 0.223144
509 1 23 0.693147 0.693147 0 1.09861
510 1 29 0.980829 1.0116 0.916291 1.0116
511 1 29 0.733969 0.81093 0.223144 1.0116
512 1 21 1.12601 1.25276 0.916291 1.17866
513 0 59 0.405465 0 0.693147 0.405465
514 1 36 1.02664 0.628609 1.05605 1.28785
515 1 59 0.0800427 0 0.223144 0
516 1 48 0.377294 0.693147 0.318454 0
517 0 36 0.733969 1.0116 0.693147 0.405465
518 0 31 1.34373 1.38629 1.17866 1.44692
519 1 48 1.12601 0 1.44692 1.38629
520 0 21 0.980829 1.17866 1.0116 0.693147
521 1 60 0.154151 0.405465 0 0
522 1 35 0.693147 1.32176 0 0.223144
523 1 50 0 0 0 0
524 0 52 0 0 0 0
525 1 42 0.829279 0.916291 0.628609 0.916291
526 1 37 0.77319 1.0116 0.405465 0.81093
527 1 22 0.733969 1.0116 0.405465 0.693147
528 0 22 1.04145 1.25276 0.405465 1.25276
529 1 48 0.650588 0.81093 0.405465 0.693147
530 1 25 0.733969 1.17866 0.693147 0
531 0 28 0.377294 0.753772 0.117783 0.117783
532 0 33 1.17866 1.38629 1.0116 1.09861
533 0 25 0.733969 0.693147 0.223144 1.09861
534 0 32 0.559616 0.916291 0 0.559616
535 1 36 0.693147 0.81093 0.693147 0.559616
536 0 23 0.899484 0.223144 0.81093 1.35455
537 1 23 0.459532 0.485508 0.628609 0.223144
538 1 27 0.583146 0.628609 0.559616 0.559616
539 1 30 0.459532 0.693147 0.223144 0.405465
540 0 49 0.980829 1.17866 0.559616 1.09861
541 1 43 1.0116 1.17866 0.559616 1.17866
542 1 24 0.459532 0.223144 0.81093 0.223144
543 1 20 0.77319 1.09861 0.223144 0.81093
544 0 38 0.0800427 0 0.223144 0
545 0 22 0.621174 1.0116 0.287682 0.405465
546 0 39 0.223144 0 0.405465 0.223144
547 0 28 0.650588 0 1.0116 0.693147
548 1 26 0.287682 0.405465 0 0.405465
549 1 22 0 0 0 0
550 0 27 0.510826 0.559616 0.405465 0.559616
551 1 40 0 0 0 0
552 0 20 0.405465 0.916291 0 0
553 0 44 0.606136 0.559616 0.559616 0.693147
554 1 26 0.223144 0.405465 0 0.223144
555 1 32 0.348307 0.405465 0.405465 0.223144
556 1 50 0.733969 1.17866 0.559616 0.223144
557 1 33 0.510826 0.916291 0 0.405465
558 0 28 0.980829 1.25276 0.559616 1.0116
559 1 31 0.348307 0.223144 0.405465 0.405465
560 1 25 0.559616 1.0116 0 0.405465
561 1 44 0.693147 0.405465 1.0116 0.559616
562 1 36 0.650588 1.09861 0.223144 0.405465
563 1 33 0.693147 0.559616 0.559616 0.916291
564 1 20 0.348307 0.405465 0.559616 0
565 1 28 0.847298 1.09861 0.559616 0.81093
566 1 26 0.559616 0.693147 0.81093 0
567 1 28 0.81093 0.916291 0.628609 0.864997
568 0 22 1.25276 1.38629 1.17866 1.17866
569 1 61 0.733969 0.864997 0.628609 0.693147
570 1 36 1.17866 1.44692 1.0116 1.0116
571 0 25 0.510826 0.223144 0.559616 0.693147
572 1 25 0.559616 0.405465 0.693147 0.559616
573 1 50 0.650588 1.0116 0.223144 0.559616
574 1 26 0.606136 0 0.559616 1.0116
575 0 24 0.847298 0.81093 0.693147 1.0116
576 1 26 0.405465 0.693147 0.223144 0.223144
577 0 32 1.12601 1.17866 1.25276 0.916291
578 1 28 0.693147 0.916291 0.223144 0.81093
579 0 62 0.980829 1.0116 1.05605 0.864997
580 1 21 0.405465 0 0.405465 0.693147
581 0 32 0.882389 1.17866 0.916291 0.405465
582 0 28 0.459532 0 0.81093 0.405465
583 0 40 0.0800427 0.223144 0 0
584 1 39 0.287682 0.559616 0.223144 0
585 0 36 1.0116 1.0116 1.09861 0.916291
586 1 52 0.650588 0.916291 0 0.81093
587 1 37 0.459532 0.81093 0 0.405465
588 0 26 0.459532 0.81093 0 0.405465
589 1 35 0.223144 0 0.223144 0.405465
590 0 39 0.693147 0.81093 0.693147 0.559616
591 1 33 0.459532 0.916291 0.223144 0
592 1 27 0.348307 0.559616 0.223144 0.223144
593 0 26 1.04145 1.0116 1.17866 0.916291
594 1 26 0.287682 0.693147 0 0
595 1 29 0.949081 1.09861 0.693147 1.0116
596 0 50 0.510826 0.559616 0.559616 0.405465
597 1 38 0.829279 0.753772 0.559616 1.09861
598 0 61 0.377294 0.559616 0.318454 0.223144
599 0 26 1.04145 1.09861 1.0116 1.0116
600 1 44 0.0800427 0 0.223144 0
601 0 28 1.09861 1.09861 1.09861 1.09861
602 1 25 0.81093 0.916291 1.09861 0.223144
603 1 38 0.77319 0.559616 0.693147 1.0116
604 1 38 0.287682 0.693147 0 0
605 1 42 0.303186 0.17185 0.405465 0.318454
606 1 40 0.405465 0.606136 0.287682 0.287682
607 1 53 0.348307 0.693147 0.223144 0
608 1 52 0.916291 1.38629 0.223144 0.81093
609 1 24 0.77319 0 1.09861 0.916291
610 0 32 1.0116 1.09861 0.916291 1.0116
611 1 51 0.189242 0 0.223144 0.318454
612 0 63 0.287682 0 0 0.693147
613 1 37 0.510826 0 0.405465 0.916291
614 0 50 0.81093 0.559616 0.693147 1.09861
615 0 26 0.510826 0.693147 0.693147 0
616 0 21 0.559616 0.916291 0.223144 0.405465
617 1 35 0.693147 0.81093 0.405465 0.81093
618 0 26 0.899484 1.13943 0.693147 0.81093
619 1 33 0.287682 0 0 0.693147
620 1 39 0.559616 1.09861 0 0.223144
621 1 36 1.0116 1.17866 0.916291 0.916291
622 1 32 0.287682 0 0.405465 0.405465
623 1 53 0.318454 0.753772 0 0
624 0 25 1.04145 1.17866 1.0116 0.916291
625 0 27 0.93282 0.753772 1.09861 0.916291
626 1 22 1.04145 0.405465 1.09861 1.38629
627 1 23 0.0800427 0.223144 0 0
628 1 26 0.559616 0.693147 0.223144 0.693147
629 1 40 0.747214 1.32176 0.154151 0.348307
630 1 32 1.29928 1.38629 1.17866 1.32176
631 1 28 1.04145 0.405465 1.38629 1.09861
632 0 29 0.459532 0.405465 0 0.81093
633 0 44 0.606136 0.916291 0 0.693147
634 1 30 0.405465 0.693147 0.405465 0
635 1 42 0.650588 1.09861 0 0.559616
636 1 22 0.949081 1.05605 0.916291 0.864997
637 0 46 1.07044 0.916291 1.0116 1.25276
638 0 53 0.916291 0.81093 0.81093 1.09861
639 1 52 0.459532 0.559616 0.559616 0.223144
640 0 33 0.0800427 0 0.223144 0
641 0 34 0.882389 0.693147 0.864997 1.05605
642 0 43 0.485508 0.693147 0.223144 0.485508
643 1 39 0.81093 1.25276 0 0.81093
644 0 32 0.510826 0.753772 0.485508 0.223144
645 0 30 0.459532 0.916291 0.223144 0
646 1 32 0.510826 0 0.223144 1.0116
647 0 49 0.154151 0.223144 0 0.223144
648 1 28 0.223144 0.405465 0 0.223144
649 1 28 0.559616 0.81093 0.223144 0.559616
650 0 8 0.916291 0.81093 1.17866 0.693147
651 1 35 0.606136 0.916291 0.223144 0.559616
652 0 28 1.22867 1.32176 0.693147 1.50408
653 1 49 0.733969 0.81093 0.223144 1.0116
654 0 41 0.753772 0.628609 0.916291 0.693147
655 1 36 0.81093 1.0116 0.693147 0.693147
656 1 35 0.733969 0.916291 0.405465 0.81093
657 0 42 0.459532 0.81093 0.405465 0
658 1 35 0.223144 0 0 0.559616
659 1 45 0.287682 0.693147 0 0
660 1 28 0.405465 0.405465 0.405465 0.405465
661 0 41 0.223144 0 0 0.559616
662 0 26 0.847298 0.847298 0.847298 0.847298
663 1 26 0.693147 0.81093 0.559616 0.693147
664 1 34 0.287682 0.223144 0 0.559616
665 1 27 0.459532 0.693147 0 0.559616
666 1 53 0.154151 0.223144 0 0.223144
667 0 50 0.693147 0.693147 0.693147 0.693147
668 0 43 0.733969 0.693147 0.559616 0.916291
669 1 37 0 0 0 0
670 1 31 1.22867 1.50408 1.0116 1.09861
671 1 37 0.733969 1.0116 0.559616 0.559616
672 0 30 0.847298 1.09861 0.916291 0.405465
673 1 48 0.154151 0.223144 0 0.223144
674 1 47 0.154151 0 0.223144 0.223144
675 0 22 1.04145 1.38629 1.0116 0.559616
676 1 24 0.0800427 0.223144 0 0
677 1 49 0.559616 0.81093 0 0.693147
678 1 52 0.154151 0.405465 0 0
679 0 38 0.510826 0.81093 0.223144 0.405465
680 1 57 0.432864 0.223144 0.318454 0.693147
681 1 53 0 0 0 0
682 1 47 1.20397 1.50408 0.693147 1.25276
683 0 23 0.81093 1.38629 0.559616 0
684 1 46 0.405465 0.81093 0 0.223144
685 0 28 0.223144 0 0.559616 0
686 1 31 0.348307 0.559616 0 0.405465
687 1 34 0.733969 1.0116 0 0.916291
688 1 50 0.154151 0 0.223144 0.223144
689 0 50 0.916291 0.559616 1.0116 1.09861
690 1 37 0.77319 1.09861 0 0.916291
691 1 31 0.559616 0 1.09861 0.223144
692 0 32 0.117783 0.223144 0 0.117783
693 0 48 0.348307 0.223144 0.223144 0.559616
694 0 25 0.154151 0 0.405465 0
695 1 40 0.693147 0.916291 0 0.916291
696 1 34 0.980829 1.25276 0.693147 0.916291
697 0 27 0.510826 0.223144 0 1.0116
698 1 37 0.459532 0.693147 0.559616 0
699 0 30 0 0 0 0
700 0 34 1.07044 1.09861 1.17866 0.916291
701 1 57 0.606136 0.693147 0.223144 0.81093
702 0 24 0.693147 1.0116 0.81093 0
703 0 32 0.792238 0.864997 0.753772 0.753772
704 1 30 0.405465 0.559616 0 0.559616
705 0 21 1.12601 1.17866 1.25276 0.916291
706 1 20 0.847298 1.09861 0.559616 0.81093
707 0 35 0.77319 1.0116 0.559616 0.693147
708 1 31 0 0 0 0
709 0 24 0.606136 0.81093 0 0.81093
710 1 33 0.882389 1.0116 0.405465 1.09861
711 1 22 0.693147 0.81093 0.559616 0.693147
712 1 24 0.916291 0.916291 0.864997 0.965081
713 0 21 0.916291 0.405465 1.44692 0.559616
714 0 24 0.650588 0.81093 0.223144 0.81093
715 0 27 0.0800427 0 0 0.223144
716 1 31 0.348307 0.223144 0 0.693147
717 0 30 0.650588 1.09861 0 0.559616
718 1 29 0.882389 1.09861 1.0116 0.405465
719 0 34 0.916291 0.81093 1.0116 0.916291
720 1 31 0.154151 0.405465 0 0
721 1 24 0.693147 1.17866 0.223144 0.405465
722 0 24 0.650588 0.693147 0.405465 0.81093
723 1 41 1.12601 1.17866 1.09861 1.09861
724 1 67 0.559616 0.81093 0.223144 0.559616
725 1 22 1.09861 1.38629 0.81093 1.0116
726 0 19 0.606136 0.916291 0 0.693147
727 1 54 0.348307 0 0.405465 0.559616
728 0 31 0.81093 0.916291 0.559616 0.916291
729 1 19 0.81093 1.17866 0.223144 0.81093
730 1 22 1.07044 1.17866 0.81093 1.17866
731 1 41 0.81093 1.09861 0.405465 0.81093
732 1 26 0.405465 0.405465 0.693147 0
733 0 19 0.405465 0.559616 0.405465 0.223144
734 1 31 0.559616 0.559616 0.693147 0.405465
735 0 50 1.42712 1.50408 1.32176 1.44692
736 1 36 0.348307 0 0.559616 0.405465
737 1 51 1.0116 0.965081 0.916291 1.13943
738 1 30 0.980829 1.05605 0.864997 1.0116
739 0 18 0.559616 0.405465 0.559616 0.693147
740 0 22 0.510826 0.693147 0.559616 0.223144
741 0 31 1.32176 1.17866 1.32176 1.44692
742 1 23 0.606136 0.223144 0.559616 0.916291
743 1 36 0.223144 0 0 0.559616
744 0 22 0.733969 1.0116 0.81093 0.223144
745 1 42 0.847298 0.405465 1.38629 0.405465
746 0 36 1.48539 1.50408 1.44692 1.50408
747 1 39 0.223144 0 0 0.559616
748 0 22 0.459532 0.916291 0 0.223144
749 0 21 0.510826 1.09861 0 0
750 1 52 0.459532 0.81093 0.223144 0.223144
751 1 27 0.606136 0.223144 0.405465 1.0116
752 0 50 0.459532 0 0.81093 0.405465
753 1 33 0.650588 0 0.693147 1.0116
754 1 26 0 0 0 0
755 1 39 0 0 0 0
756 1 50 0.459532 0.405465 0.405465 0.559616
757 1 53 0.510826 0.81093 0.405465 0.223144
758 1 35 0.882389 1.17866 0.223144 1.0116
759 0 37 0.949081 1.17866 1.0116 0.559616
760 1 25 0.559616 1.09861 0.223144 0
761 1 57 0.459532 0.916291 0.223144 0
762 1 52 0.77319 0.223144 0.81093 1.09861
763 1 45 0.287682 0 0.693147 0
764 1 23 0.882389 0.81093 0.693147 1.09861
765 1 30 0.733969 1.0116 0.405465 0.693147
766 1 41 0 0 0 0
767 1 31 0.882389 1.0116 1.09861 0.405465
768 0 44 0.559616 0.223144 0.405465 0.916291
769 0 22 0.949081 1.38629 0.223144 0.916291
770 1 38 0.377294 0.117783 0.223144 0.693147
771 1 39 0.223144 0.559616 0 0
772 0 28 0.733969 0.693147 0.916291 0.559616
773 1 44 0.650588 0.405465 0.81093 0.693147
774 1 35 0.650588 0.81093 0.693147 0.405465
775 1 32 0.949081 1.09861 0.693147 1.0116
776 0 34 1.04145 1.0116 0.81093 1.25276
777 1 25 1.38629 1.50408 1.32176 1.32176
778 1 36 1.04145 1.32176 0.693147 1.0116
779 1 51 0.308301 0.459532 0.154151 0.287682
780 1 44 0.606136 0.693147 0.693147 0.405465
781 0 18 0.405465 0.916291 0 0
782 0 41 0.583146 0.693147 0.559616 0.485508
783 1 36 1.0116 0.916291 1.17866 0.916291
784 1 31 0.405465 0.693147 0.223144 0.223144
785 1 42 1.12601 1.38629 0.916291 1.0116
786 1 24 0.459532 0.693147 0.405465 0.223144
787 1 34 0.650588 0.405465 0.693147 0.81093
788 0 28 0.672094 0.485508 0.753772 0.753772
789 1 36 0.559616 1.09861 0 0.223144
790 0 35 1.07044 0.223144 1.44692 1.17866
791 1 42 0.733969 0.223144 0.916291 0.916291
792 1 21 0.899484 1.13943 0.864997 0.628609
793 1 32 0.606136 1.0116 0.405465 0.223144
794 1 40 0.287682 0 0.223144 0.559616
795 0 28 1.29928 1.25276 0.916291 1.60944
796 0 44 0.8232 1.15268 0.559616 0.650588
797 0 36 1.04145 0.965081 1.13943 1.0116
798 0 32 0.154151 0 0.223144 0.223144
799 1 51 0.847298 0.965081 0.628609 0.916291
800 1 64 0.287682 0.405465 0.405465 0
801 0 45 1.17866 1.17866 1.17866 1.17866
802 1 31 0.650588 1.09861 0 0.559616
803 0 21 0.949081 0.916291 0.81093 1.09861
804 1 47 0.510826 0.693147 0.223144 0.559616
805 1 49 0 0 0 0
806 1 32 0.287682 0 0.693147 0
807 0 18 0.916291 1.17866 0.81093 0.693147
808 1 24 0.154151 0.223144 0.223144 0
809 0 39 0.559616 0 0.405465 1.0116
810 1 26 0.650588 0.405465 0.81093 0.693147
811 1 53 1.34373 1.35455 1.32176 1.35455
812 1 28 0.81093 0 1.25276 0.81093
813 0 45 0.882389 0.693147 0.916291 1.0116
814 1 32 0.980829 0.916291 1.09861 0.916291
815 0 26 0.713767 0.965081 0.693147 0.405465
816 1 44 0.559616 0.405465 0.693147 0.559616
817 1 32 1.22867 1.32176 1.05605 1.28785
818 1 31 0.459532 0.559616 0.223144 0.559616
819 1 42 0.200671 0 0.223144 0.348307
820 1 32 0.949081 0.81093 0.693147 1.25276
821 0 46 1.17866 1.38629 0.559616 1.38629
822 1 50 0.0800427 0.223144 0 0
823 1 56 0.882389 1.38629 0.559616 0.405465
824 1 19 0.733969 1.17866 0 0.693147
825 1 34 0.377294 0.628609 0.223144 0.223144
826 0 26 0.348307 0.405465 0.559616 0
827 0 28 0.949081 1.09861 0.81093 0.916291
828 1 31 0.405465 0 0.559616 0.559616
829 1 22 0.606136 1.25276 0 0
830 1 29 0.154151 0 0 0.405465
831 1 31 0.77319 0 1.38629 0.405465
832 0 31 0.77319 1.09861 0 0.916291
833 0 30 0.693147 0.223144 0.693147 1.0116
834 1 31 0.459532 1.0116 0 0
835 1 68 0.348307 0.81093 0 0
836 1 29 0.348307 0.693147 0 0.223144
837 1 25 0.949081 1.17866 0.693147 0.916291
838 1 38 0.606136 0.223144 0 1.17866
839 1 50 0.77319 0.559616 0.693147 1.0116
840 1 40 0.77319 0.81093 0.81093 0.693147
841 1 45 0.847298 1.09861 0.559616 0.81093
842 1 31 0.980829 1.09861 0.559616 1.17866
843 0 22 0.559616 0.223144 0.916291 0.405465
844 0 26 0.847298 1.0116 0.405465 1.0116
845 1 40 0.348307 0.559616 0 0.405465
846 1 36 0.606136 0 0.81093 0.81093
847 0 52 0.81093 1.09861 0.693147 0.559616
848 0 22 1.12601 1.25276 1.0116 1.09861
849 1 38 0.405465 0.223144 0.559616 0.405465
850 1 23 0.650588 1.09861 0.223144 0.405465
851 1 72 0.348307 0.81093 0 0
852 1 31 0.693147 1.25276 0 0.405465
853 0 43 0.0800427 0 0 0.223144
854 1 30 0.510826 0.81093 0 0.559616
855 1 29 0.405465 0.223144 0 0.81093
856 1 36 0.223144 0 0.559616 0
857 1 21 0.459532 0.405465 0.405465 0.559616
858 1 36 0.606136 0.405465 0.405465 0.916291
859 1 32 0.916291 1.38629 0.223144 0.81093
860 1 20 1.07044 0.916291 1.50408 0.559616
861 1 44 0.348307 0.693147 0 0.223144
862 1 42 0.405465 0.559616 0 0.559616
863 0 52 0.81093 1.09861 0.693147 0.559616
